314.6
314.94
314.74
315.02
315.1
314.73
314.6
315.1
315.07
314.92
315.19
315.5
315.86
315.23
315.52
315.23
315.3
315.64
315.33
315.17
315.84
315.05
314.84
315.14
314.46
314.84
314.81
314.58
315.2
314.91
314.69
315.57
315.58
314.64
315.73
315.41
315.4
315.57
314.99
314.83
315.41
315.22
314.99
315.22
315.05
315.17
315.22
315.02
315.21
314.66
315.31
315.3
314.87
314.91
314.76
315.22
315.32
315.2
315.23
314.62
314.9
315.02
315.39
315.16
315.3
315.0
315.15
315.25
315.02
315.14
315.0
313.68
313.23
314.02
313.25
313.35
312.71
313.45
313.45
313.12
313.82
314.27
314.9
314.42
315.18
314.66
314.07
314.22
312.85
315.11
313.94
315.74
315.93
315.96
315.35
315.85
315.04
315.43
315.26
314.81
315.11
315.66
315.8
315.91
316.12
315.58
315.25
315.42
314.97
315.42
315.6
315.42
315.58
314.9
314.61
315.57
315.5
315.1
314.97
314.99
314.98
314.96
315.03
315.71
314.92
314.49
315.36
315.42
315.41
315.92
315.02
315.34
315.8
315.1
314.69
314.46
314.9
315.54
314.92
315.03
315.38
314.81
315.62
314.68
314.95
315.64
315.27
314.55
315.53
314.87
315.29
315.28
315.5
315.17
315.48
315.12
314.76
314.47
314.47
314.97
315.55
315.63
315.38
315.36
315.37
314.83
315.04
315.5
315.09
314.75
315.15
315.48
315.01
315.04
315.04
315.54
314.43
315.39
314.8
315.14
315.1
315.38
315.15
315.4
314.8
315.75
315.04
314.88
314.91
315.17
315.26
314.99
315.1
315.26
314.3
314.82
314.54
314.93
314.9
315.2
315.3
315.77
315.93
314.95
315.12
315.08
314.35
315.53
315.74
315.42
315.74
314.87
314.84
314.64
315.91
315.52
315.78
315.34
315.78
315.92
315.52
315.77
315.16
315.72
315.34
315.26
315.83
315.0
314.83
315.45
314.89
315.2
315.42
315.0
315.5
315.6
315.23
315.62
315.63
315.55
315.48
315.41
316.58
315.37
315.62
314.87
315.06
314.98
314.95
315.47
315.58
315.64
315.57
316.07
315.93
314.97
315.69
314.99
315.89
315.12
315.76
315.32
316.16
315.66
316.31
315.62
315.62
315.82
315.89
315.68
315.66
314.33
314.29
314.11
314.6
313.89
314.66
314.43
314.01
313.99
314.7
315.56
315.73
316.22
316.73
315.92
315.87
316.36
315.2
315.68
315.95
315.04
316.05
315.24
315.27
314.94
314.94
315.31
314.98
315.15
315.08
314.89
315.61
315.22
315.6
315.52
314.57
315.32
315.11
315.47
315.9
315.24
315.32
315.34
315.46
314.53
315.36
315.12
315.25
315.0
315.79
315.72
315.24
315.13
316.38
315.56
315.1
316.21
315.49
316.0
315.54
314.85
315.04
314.36
314.72
314.24
315.04
314.9
315.05
314.36
314.43
315.77
315.37
313.55
315.28
315.66
314.9
314.6
315.37
315.13
315.62
315.64
316.18
315.67
315.4
316.05
315.69
315.49
315.76
315.7
315.49
313.57
313.48
314.45
314.8
313.43
314.72
314.44
314.39
314.66
313.8
315.41
315.4
316.03
315.34
315.84
316.53
315.38
315.42
316.05
316.97
315.29
314.73
315.24
315.86
315.21
315.31
315.16
314.74
314.8
315.05
315.66
315.2
315.27
315.35
314.56
315.38
315.58
315.6
315.55
314.68
315.32
314.98
315.14
314.41
315.49
314.9
314.9
314.3
314.78
314.93
315.7
316.24
315.63
315.18
315.67
315.32
315.61
315.49
315.06
315.33
316.01
316.02
315.36
316.13
315.97
315.91
315.43
315.74
316.26
315.41
314.67
314.05
313.99
314.15
314.14
313.94
313.9
314.08
313.65
314.34
316.2
316.51
316.34
315.57
314.91
316.36
315.18
315.85
316.06
316.57
314.55
314.92
314.52
315.19
315.1
314.48
314.3
315.09
314.91
314.35
316.66
316.1
316.58
316.49
315.57
316.1
316.75
315.77
316.68
315.41
314.2
314.01
314.99
314.07
314.12
314.35
313.68
314.4
314.22
314.28
316.09
315.41
315.15
315.93
316.42
315.83
316.01
315.89
315.98
315.69
315.13
315.3
315.88
314.56
315.56
314.36
314.53
315.09
314.75
314.56
315.96
314.87
315.14
316.37
316.3
315.71
315.78
316.49
315.34
315.97
314.28
315.01
314.77
314.22
314.31
314.52
314.15
315.1
314.82
314.91
314.84
315.21
316.82
315.59
316.6
315.89
315.68
315.02
315.47
315.78
314.16
314.65
313.65
313.82
313.76
314.28
314.24
313.81
314.36
314.23
316.38
316.27
316.71
316.54
316.73
316.12
316.78
317.06
315.99
316.49
314.37
314.51
313.75
313.22
313.2
313.83
314.18
313.56
313.48
314.14
316.33
316.39
316.43
316.57
316.56
316.0
316.51
316.55
315.86
316.62
315.28
314.7
314.92
315.59
315.25
314.56
315.21
314.89
314.65
315.23
315.91
315.74
315.38
316.17
316.03
315.15
315.24
315.2
315.21
315.94
314.84
313.81
315.13
315.54
314.28
314.54
314.05
313.82
314.34
314.01
315.34
315.57
315.66
316.39
315.5
317.03
316.1
315.97
315.5
315.94
313.95
314.03
314.27
313.79
312.96
314.52
313.95
313.91
314.47
314.29
314.95
316.47
315.94
315.76
316.01
316.17
315.67
316.18
315.69
316.39
314.82
315.1
314.84
314.77
314.45
315.18
314.68
315.26
314.83
314.86
315.08
316.02
317.06
315.07
315.52
315.84
316.18
315.3
316.5
315.68
314.15
315.11
314.9
315.23
315.07
314.81
314.42
314.75
314.92
314.44
316.23
316.17
316.33
316.2
316.08
315.83
315.38
315.54
315.49
315.41
314.62
314.26
314.65
314.97
314.58
314.4
314.31
314.81
314.75
315.07
316.0
316.35
315.94
314.97
316.04
316.26
316.42
315.93
316.39
314.86
314.94
314.99
314.01
315.22
314.35
313.39
314.45
314.6
314.83
314.59
315.54
316.02
315.8
315.59
315.51
315.24
315.16
316.13
315.47
315.84
315.2
314.13
314.79
315.12
315.13
315.06
314.75
314.71
315.8
315.38
314.24
315.41
314.49
314.79
315.31
315.37
314.67
314.39
315.2
314.64
315.09
315.47
315.93
315.56
315.89
314.41
314.53
315.72
315.47
315.25
315.88
315.49
314.97
315.63
315.82
316.06
315.48
316.65
315.25
315.43
314.9
315.38
315.12
314.94
316.13
313.72
315.79
315.05
314.99
314.75
315.84
315.3
315.09
315.8
315.28
314.55
314.38
315.18
315.06
315.3
314.45
314.82
315.12
315.26
315.8
314.9
315.2
314.64
315.39
314.24
315.13
315.14
315.68
315.34
315.48
315.12
314.26
315.44
315.78
315.07
315.35
314.53
314.6
314.72
314.68
315.2
314.56
314.43
314.9
314.56
315.92
315.08
316.37
315.95
316.42
315.55
315.25
315.58
315.4
315.64
314.99
314.39
314.69
315.28
314.27
315.19
315.1
314.89
314.73
315.17
315.9
315.98
315.76
315.22
315.71
315.89
315.51
314.99
316.1
315.05
315.06
315.24
315.36
314.72
314.91
315.3
315.15
315.71
315.61
315.14
314.48
314.83
313.66
315.47
314.89
314.93
314.72
314.57
314.28
314.89
316.28
316.05
316.07
315.82
315.88
316.5
315.61
315.63
315.38
316.22
314.51
315.0
313.71
314.68
314.39
314.44
314.03
314.55
314.12
314.66
316.34
316.79
315.15
316.43
315.76
315.66
316.17
316.06
316.73
316.07
313.98
314.62
314.17
313.88
314.36
314.03
313.79
313.75
314.38
314.41
315.27
315.43
315.76
315.15
315.34
315.52
315.63
315.3
315.41
315.49
315.34
315.81
314.93
314.81
314.61
314.96
314.76
315.01
315.74
314.55
315.86
315.16
315.26
315.39
315.23
315.08
315.76
315.96
315.64
315.54
314.41
314.7
315.32
314.04
313.63
315.01
315.11
312.97
314.68
314.94
315.12
315.34
315.48
315.38
315.45
315.76
315.59
314.76
315.57
314.96
314.93
314.41
314.9
314.82
315.17
314.7
315.44
313.9
315.32
314.96
316.42
315.1
315.14
315.64
315.58
314.97
314.51
314.96
315.37
314.8
314.49
315.17
314.97
315.24
315.57
315.53
314.63
315.1
315.54
315.14
314.85
315.37
315.26
314.03
315.65
314.32
315.14
315.5
314.76
314.97
315.31
315.06
314.17
315.28
314.81
315.15
314.58
314.34
314.6
314.92
314.25
314.89
315.36
314.38
314.19
314.56
314.82
314.45
315.24
315.04
314.92
315.12
315.97
314.71
316.24
315.66
315.16
315.41
316.29
315.71
315.01
315.28
314.55
314.56
316.01
315.17
314.6
315.76
314.85
315.34
315.71
315.45
315.55
315.67
314.68
314.8
313.97
315.44
315.11
315.79
315.79
314.68
314.26
315.28
315.28
315.67
314.64
315.23
315.96
315.76
315.62
313.52
314.97
315.37
314.99
313.71
315.51
315.23
314.38
314.94
314.27
314.65
314.89
315.28
315.03
314.46
315.1
314.93
315.43
315.01
316.07
316.63
315.4
316.57
316.37
315.4
315.84
316.14
315.31
314.54
314.59
315.02
315.28
314.55
315.09
315.12
315.52
315.35
314.64
315.54
315.43
315.6
315.2
315.73
315.87
315.82
315.26
315.65
314.86
315.73
314.62
314.92
314.76
314.48
314.77
314.85
315.13
314.81
314.81
314.22
315.3
315.49
314.59
315.3
314.81
314.68
315.35
315.27
315.13
314.58
314.81
315.92
316.19
314.91
314.82
315.1
315.28
316.44
315.29
314.67
314.81
315.08
315.1
314.8
314.04
315.51
314.15
315.46
315.18
315.1
315.92
315.75
315.06
316.26
315.46
315.38
315.48
315.4
316.32
315.74
315.51
315.42
315.52
315.53
315.84
315.75
314.81
315.75
315.91
316.3
315.03
315.01
315.51
314.97
315.2
314.49
314.9
314.99
315.38
315.02
315.28
315.13
314.83
315.2
315.29
314.97
315.06
315.22
315.1
314.94
315.63
314.91
314.7
314.75
314.66
314.29
315.03
314.91
314.87
314.66
315.32
314.5
314.73
315.06
315.53
314.89
314.9
315.15
314.57
314.9
315.77
315.78
315.69
315.43
316.26
315.58
315.67
315.21
316.04
315.69
314.68
315.01
314.74
314.65
315.28
314.8
314.45
314.85
315.33
315.1
315.38
315.06
314.96
315.2
314.84
314.87
314.26
314.71
314.91
314.7
316.36
315.8
315.46
317.42
316.29
315.11
315.61
316.82
315.53
315.94
315.91
315.5
314.56
314.23
315.39
315.16
314.46
315.0
315.62
314.4
314.63
314.59
314.9
314.62
315.26
315.33
314.27
314.43
315.4
315.24
314.51
315.09
315.14
315.1
314.55
315.37
315.39
314.59
315.14
314.7
316.15
316.73
316.17
316.06
316.31
316.03
315.74
316.99
316.46
315.38
314.57
315.75
315.25
315.4
315.47
315.62
315.12
315.21
315.57
314.91
315.33
315.44
314.94
315.27
316.05
315.79
315.43
315.84
315.77
315.44
315.0
315.8
315.59
316.23
315.91
315.26
315.25
315.62
315.59
315.31
315.06
314.92
314.7
314.41
314.43
314.77
313.95
315.03
315.01
314.78
315.53
315.58
315.44
314.86
315.31
315.04
315.63
315.38
315.06
315.51
315.23
315.32
315.46
315.25
315.26
315.28
314.13
315.05
315.1
315.59
315.37
315.55
316.0
315.61
315.14
315.52
315.43
315.88
315.7
315.1
315.0
315.61
315.15
315.28
314.84
315.01
314.25
315.22
314.81
314.42
315.37
315.27
314.68
315.34
315.17
314.44
314.87
314.73
315.15
315.22
315.05
314.86
314.8
314.47
314.96
314.21
314.11
314.07
315.27
314.43
315.03
315.44
315.42
315.51
315.18
315.1
315.14
315.11
314.47
314.72
315.57
315.26
315.43
315.52
315.57
315.09
315.34
315.59
315.51
315.51
313.89
314.82
315.05
314.87
315.16
315.47
314.89
314.7
315.59
315.1
314.65
315.81
315.43
314.47
315.67
315.83
315.3
315.2
315.91
316.07
314.67
314.54
314.85
314.4
314.14
314.34
314.21
314.48
313.71
313.82
315.25
315.04
315.26
315.39
315.05
315.01
315.35
314.97
315.4
314.65
315.53
314.01
314.92
315.24
314.67
314.56
314.75
314.93
314.54
315.62
315.97
314.91
315.23
315.84
314.59
314.77
315.46
315.96
314.74
314.94
315.96
315.55
315.65
316.26
315.52
315.55
315.83
316.05
315.56
315.52
315.69
316.08
315.09
314.46
315.07
314.86
314.73
314.67
315.44
315.29
314.91
315.22
315.28
315.12
315.01
315.42
316.11
315.55
314.57
315.5
315.47
315.01
315.09
315.27
315.69
315.13
315.16
315.73
315.41
314.74
314.95
315.22
314.82
314.72
313.65
315.22
314.36
314.65
314.68
315.0
315.87
315.9
314.89
315.5
315.96
314.24
314.8
315.26
314.92
314.88
314.56
314.89
314.97
314.96
314.81
315.54
314.73
314.95
315.6
315.65
315.43
315.93
315.2
315.61
316.05
314.44
316.18
315.73
314.54
315.44
314.55
314.37
315.87
314.88
314.96
314.73
314.51
314.83
315.57
314.32
316.82
315.5
315.73
315.43
315.52
316.2
315.81
315.38
316.48
316.16
314.98
315.07
315.19
314.74
314.9
314.52
314.93
315.19
315.27
315.07
316.52
315.07
315.64
315.49
315.27
315.21
315.95
315.67
315.51
315.74
314.64
313.69
314.85
314.47
314.34
315.0
314.38
315.05
315.08
314.67
315.92
315.25
314.83
314.66
315.67
315.25
314.73
315.02
315.79
314.4
315.07
315.83
314.49
315.49
315.56
314.29
315.98
315.24
314.75
316.03
314.68
315.66
315.89
315.9
315.12
316.03
314.65
315.61
315.63
314.82
315.3
315.46
315.22
314.12
315.54
315.06
314.65
315.06
315.66
314.03
315.95
317.08
315.02
315.32
316.03
315.81
315.9
315.35
316.48
315.74
314.57
315.86
315.52
314.82
314.62
315.24
314.31
315.12
315.29
314.8
314.61
315.32
314.73
314.52
314.24
314.62
314.69
314.59
314.63
314.77
314.69
314.43
315.39
314.39
314.89
314.92
314.83
314.66
315.56
315.15
315.15
316.08
316.37
315.8
316.36
316.08
315.54
315.83
315.49
314.85
315.0
315.25
315.06
315.34
315.74
314.48
316.05
315.19
314.82
315.36
315.22
314.96
315.14
314.77
314.86
316.07
314.94
314.9
315.09
315.94
315.08
315.36
315.97
315.15
315.84
314.81
314.72
315.09
315.36
314.79
314.73
314.84
315.83
315.02
315.56
315.75
314.06
314.74
316.05
314.33
314.83
315.83
316.36
315.16
315.38
315.73
314.93
314.92
315.92
315.02
314.89
314.78
315.23
314.67
314.39
315.18
314.93
314.69
314.93
314.84
315.75
316.4
317.17
315.84
315.21
315.14
314.93
315.83
315.68
315.56
315.62
314.86
314.39
315.13
314.75
314.38
315.12
315.69
314.83
315.46
315.28
315.12
315.55
315.54
315.52
315.75
315.36
314.86
315.36
315.81
314.41
314.82
314.8
314.82
314.43
314.76
315.23
314.77
315.04
314.31
317.11
315.78
316.28
316.81
316.14
316.14
316.87
317.39
316.4
315.77
314.74
314.98
314.5
315.62
314.29
315.6
315.26
315.42
314.86
314.74
315.09
315.54
315.23
314.96
314.8
314.8
315.17
314.71
314.85
315.78
314.99
315.56
315.17
314.94
315.04
315.46
314.46
315.4
315.32
315.23
314.48
314.77
315.06
315.04
314.57
314.79
314.48
314.52
314.79
314.53
315.35
314.75
314.56
314.82
314.87
314.54
315.32
315.45
314.62
314.3
317.11
315.86
316.18
316.59
316.51
315.56
316.47
315.93
315.36
315.05
314.09
314.15
314.42
315.33
314.99
314.2
314.8
314.48
314.47
313.7
315.22
314.82
315.14
315.43
315.09
315.01
315.98
316.15
315.15
315.77
314.68
314.72
314.81
315.5
314.49
314.75
315.67
313.97
314.45
314.52
316.05
315.71
316.38
315.76
316.03
316.44
315.66
315.79
316.01
315.27
314.34
314.97
314.39
314.65
315.18
314.81
314.42
314.91
314.73
314.5
316.85
315.58
316.36
316.23
316.72
317.21
315.54
316.04
317.26
316.32
314.21
314.57
314.13
314.62
314.55
314.71
314.96
315.01
313.73
314.44
315.92
315.12
315.63
316.27
315.21
316.44
314.88
315.76
316.08
315.22
314.33
314.63
314.61
315.16
314.81
313.94
315.44
315.26
314.53
314.97
314.95
314.7
314.96
314.53
314.73
315.42
315.04
314.35
315.35
314.61
316.48
316.32
316.6
317.34
315.89
316.19
317.35
316.87
315.93
317.41
315.5
314.59
314.59
315.27
315.59
314.63
314.93
315.2
315.75
314.87
314.34
315.71
315.19
314.98
314.82
314.49
315.68
315.1
314.13
315.05
315.36
314.6
314.89
314.29
315.78
315.05
314.46
314.52
315.22
315.35
314.68
315.49
315.72
316.28
315.39
314.57
315.1
315.27
315.27
314.82
314.66
315.2
315.16
315.17
315.34
316.01
315.26
315.28
314.93
315.35
314.94
315.53
315.85
315.31
315.39
315.43
315.54
314.96
315.1
315.88
315.77
315.28
315.58
316.12
314.79
315.78
314.94
315.66
315.9
315.06
314.83
315.3
315.75
315.33
314.96
315.1
315.72
315.09
315.19
315.44
315.7
315.83
315.16
315.86
315.27
315.11
314.55
315.4
315.7
315.47
314.74
315.72
315.45
315.56
314.88
315.39
315.73
315.05
315.21
315.2
315.49
314.88
315.59
313.78
315.37
315.26
315.08
315.77
315.45
315.05
315.32
315.43
316.07
314.59
315.01
315.52
315.94
315.51
315.26
315.72
315.69
315.15
315.16
315.32
315.26
315.43
314.89
315.1
315.52
314.85
314.7
315.8
316.15
315.79
315.86
315.62
315.35
314.92
315.27
315.95
314.67
314.55
315.33
315.69
315.05
315.3
315.57
314.82
314.8
315.09
314.68
314.98
315.13
314.96
315.68
314.86
314.96
314.78
315.22
314.69
314.86
315.25
315.6
315.15
315.17
315.26
314.96
314.38
315.51
314.92
314.12
314.33
314.86
315.07
314.77
315.39
315.34
315.46
314.69
314.99
315.81
315.19
315.12
314.6
315.68
316.0
315.75
315.7
315.38
315.72
315.38
315.3
315.28
315.73
314.86
315.14
315.3
316.38
314.95
315.68
314.11
314.49
314.7
314.63
314.68
314.57
314.47
314.94
314.57
314.26
315.3
316.39
315.77
315.75
315.94
315.41
315.99
315.5
316.09
315.25
314.83
315.57
315.29
314.87
314.95
314.18
315.57
315.26
315.37
314.73
315.87
314.75
314.37
314.99
315.95
316.01
314.58
315.78
315.25
315.8
314.86
315.06
314.99
314.67
315.15
315.53
315.01
314.75
315.26
315.76
315.39
315.4
316.52
315.02
314.45
315.93
315.78
315.88
315.57
315.33
314.65
314.64
315.7
315.09
314.27
314.94
314.75
314.77
314.6
314.64
315.4
315.07
315.64
315.15
315.17
315.89
315.1
314.8
314.94
315.7
315.04
315.05
316.36
315.05
315.08
315.34
315.7
315.0
314.82
315.01
314.69
315.69
315.55
314.67
315.39
316.01
315.24
315.94
316.72
315.69
314.69
314.83
314.84
314.96
314.38
314.79
314.63
314.38
314.91
314.58
315.18
315.62
314.75
315.62
315.62
315.96
315.56
316.02
315.76
315.39
314.94
314.67
313.92
314.71
314.26
314.38
314.77
315.46
314.49
314.4
315.99
316.31
315.85
315.38
315.89
315.0
316.23
316.45
316.19
316.34
313.49
314.16
314.37
313.96
313.3
314.34
314.25
313.91
313.72
313.66
315.69
316.09
316.77
316.12
315.47
316.08
315.67
315.58
316.77
316.31
315.22
315.14
315.41
314.97
315.41
316.33
314.96
315.86
314.61
314.89
313.94
314.82
313.43
314.28
314.52
313.82
314.97
314.46
314.16
314.44
316.07
316.06
315.96
316.56
315.83
315.84
316.26
315.71
316.24
316.0
314.53
315.29
315.81
314.54
314.36
314.67
314.6
314.26
315.47
315.4
314.81
315.62
314.98
314.66
315.42
315.73
314.9
315.39
315.18
315.19
315.37
315.65
315.47
315.4
315.52
315.3
316.28
316.4
315.06
315.06
315.42
315.18
314.8
315.49
314.96
315.54
315.65
314.94
314.48
314.81
315.5
314.08
315.6
315.59
315.18
314.84
315.05
314.59
315.24
314.96
315.54
314.86
315.77
315.06
314.99
315.1
315.24
315.21
314.67
314.96
314.95
315.43
315.1
314.95
315.3
315.72
315.15
315.52
314.66
315.55
315.04
315.73
315.1
315.34
315.86
314.73
314.92
314.72
314.98
315.42
314.49
314.77
314.96
315.12
314.81
315.51
315.68
314.82
314.85
315.29
315.25
315.57
315.85
315.5
316.02
315.3
314.78
315.08
315.05
315.11
315.08
314.24
314.18
314.67
314.41
315.21
314.3
314.04
314.32
313.84
316.57
316.54
316.16
316.5
315.8
315.67
315.62
316.65
315.9
316.45
313.09
314.49
313.79
314.65
313.82
313.5
314.36
314.23
313.38
313.02
316.55
316.73
316.32
316.43
315.54
316.2
315.97
315.68
316.22
315.82
316.02
315.26
314.18
315.2
315.03
315.27
316.05
314.57
315.34
315.26
315.44
314.37
314.41
314.39
314.83
314.17
314.79
315.44
314.49
314.7
315.34
315.78
315.56
315.73
316.02
315.16
316.26
316.42
316.46
315.6
314.62
314.32
314.25
314.79
313.88
313.9
314.68
314.17
313.99
314.87
316.03
316.35
316.83
315.52
316.45
316.16
316.07
316.96
316.07
315.81
314.08
314.03
314.69
314.92
314.7
314.9
314.8
314.57
314.29
315.12
315.54
316.17
315.73
315.16
316.45
315.99
315.36
316.08
316.2
315.06
314.23
315.21
314.39
314.1
313.89
313.88
314.11
313.98
314.64
314.49
316.19
315.9
316.01
316.13
315.67
316.0
316.32
315.94
316.16
316.58
314.53
314.64
314.44
314.47
315.29
315.15
314.92
315.19
315.37
315.01
315.28
315.26
314.52
315.26
315.77
314.44
314.56
315.59
314.84
315.27
315.63
315.5
315.18
316.29
315.93
315.76
315.5
315.34
316.73
315.6
314.8
314.91
314.76
314.47
314.7
315.18
314.69
314.97
314.53
314.5
315.84
315.6
315.38
315.8
316.01
315.25
315.96
315.43
315.63
315.48
315.65
315.25
314.27
314.52
314.73
314.7
315.1
315.22
314.61
314.71
314.89
315.43
315.28
315.11
315.46
315.3
314.67
315.58
315.03
314.31
315.23
316.05
316.15
315.85
315.69
315.55
315.78
316.2
315.91
315.2
314.54
314.49
314.64
314.99
314.42
314.24
314.33
314.54
314.33
314.29
316.13
315.61
315.88
315.44
315.77
316.39
316.02
316.2
316.13
315.83
313.35
314.08
312.97
313.98
313.95
313.62
314.36
314.15
314.09
313.7
315.14
315.14
315.77
315.85
315.99
315.87
315.71
316.17
315.95
316.26
316.28
314.94
315.72
315.35
316.51
316.54
315.44
316.15
315.84
315.87
314.8
315.33
315.41
315.92
315.67
315.57
315.96
315.63
316.48
315.62
314.47
314.58
314.34
315.03
314.66
314.88
315.03
314.65
315.23
314.95
315.36
315.74
315.98
315.42
316.06
315.37
315.54
315.84
315.36
315.02
315.06
315.24
314.76
315.38
314.73
314.72
315.02
315.04
314.64
315.17
315.01
314.76
315.18
314.83
314.83
315.04
315.12
314.82
314.82
315.08
315.26
315.41
315.23
315.08
315.93
315.77
315.29
315.16
314.9
315.64
314.41
314.06
313.55
314.09
314.35
314.41
313.93
313.78
314.29
314.72
315.55
315.56
316.04
315.04
316.19
315.8
315.56
315.98
314.74
315.3
316.09
315.32
316.29
316.28
315.28
315.94
315.54
315.98
315.95
315.34
314.5
314.63
314.19
314.63
314.72
315.15
314.89
314.44
314.53
314.76
315.75
315.39
315.75
315.5
315.52
315.59
315.75
315.88
316.27
315.21
314.88
314.52
314.96
314.78
314.41
315.04
314.77
314.17
314.81
314.65
315.9
315.75
315.73
316.24
315.28
314.79
316.02
315.31
315.28
315.36
314.56
315.27
315.04
314.66
315.14
315.02
314.96
314.4
315.63
315.2
314.52
314.86
315.51
314.47
315.19
314.95
315.66
314.26
315.2
314.69
315.23
315.54
314.46
314.99
315.27
315.47
315.9
314.33
315.17
314.9
315.81
315.5
316.16
315.01
315.63
315.86
315.31
317.02
315.63
315.39
314.41
314.21
314.75
314.75
315.03
313.79
315.1
314.81
314.45
314.18
314.98
315.78
315.9
315.16
316.29
316.17
315.58
316.05
316.11
315.51
314.98
315.37
314.78
314.93
314.91
314.73
315.32
314.72
314.42
313.44
315.35
315.45
315.71
315.52
315.58
315.68
315.35
315.42
314.82
314.66
314.89
315.15
315.85
315.58
315.21
315.22
315.29
315.2
315.49
315.05
315.05
315.34
314.98
315.41
316.02
315.31
315.28
315.57
315.9
315.23
315.91
315.67
315.49
315.23
315.07
316.01
314.78
315.38
315.12
314.74
315.28
314.65
315.16
316.49
315.29
314.82
315.77
315.45
315.11
315.25
315.71
315.21
314.81
315.84
315.36
315.19
315.75
315.89
314.93
315.0
314.57
315.45
315.58
315.34
315.56
314.46
315.08
315.34
315.54
315.57
315.26
315.63
315.52
315.61
315.63
315.09
315.98
315.88
315.44
315.29
314.72
314.96
315.34
314.14
314.7
315.12
315.46
315.1
314.34
315.18
314.34
314.4
315.19
314.57
314.86
314.95
315.22
315.46
315.56
315.04
315.95
315.69
315.3
315.58
315.78
315.77
315.53
316.26
316.19
315.34
314.44
314.07
314.79
314.38
314.29
314.31
314.88
315.13
314.42
314.4
315.42
314.96
315.15
315.69
315.62
314.75
315.83
316.06
315.57
315.24
314.82
314.25
314.7
315.03
315.71
315.08
314.97
314.69
314.3
315.09
315.68
315.09
315.05
315.51
316.26
315.5
315.09
315.37
315.58
315.1
315.85
315.35
315.69
315.65
315.3
316.21
315.52
315.29
315.53
315.7
316.09
314.95
315.72
315.81
315.26
314.92
315.16
315.69
315.62
315.14
314.43
315.16
314.43
315.11
314.94
315.33
314.17
314.9
315.66
314.71
314.98
315.1
315.76
313.83
315.3
316.25
315.64
314.56
316.46
315.75
315.41
314.89
315.64
314.86
315.77
315.45
315.18
314.88
314.81
316.19
315.05
314.69
315.73
315.28
314.91
315.24
315.25
315.23
315.19
314.87
315.4
314.83
315.12
314.81
315.02
314.9
315.2
314.98
314.87
315.37
314.98
314.6
314.95
315.14
314.82
315.28
314.75
314.91
315.39
314.18
314.7
315.45
315.05
314.92
314.87
314.86
314.38
314.85
315.61
314.53
314.8
316.55
315.96
315.85
316.41
316.02
315.37
315.81
314.96
314.97
315.82
314.83
315.56
315.51
314.59
314.87
315.02
314.62
315.66
315.16
314.96
314.69
315.55
315.37
315.48
314.84
314.77
314.58
315.86
314.87
315.98
315.05
314.61
315.29
315.67
315.4
314.74
315.41
315.98
314.93
314.34
315.13
314.79
315.09
315.22
314.72
314.85
314.99
315.46
314.13
315.34
315.99
315.6
315.18
316.13
315.58
315.59
315.86
315.64
315.75
315.08
315.41
315.07
315.73
314.68
314.98
315.74
315.21
314.98
315.82
314.21
314.84
315.11
313.94
314.97
315.15
315.18
313.49
315.39
315.24
315.04
315.35
315.5
315.55
315.42
316.48
315.71
314.6
315.66
315.22
314.91
315.85
315.72
315.17
314.97
315.99
315.4
315.51
315.11
315.43
314.9
315.49
315.26
315.48
315.36
315.26
315.33
315.31
316.22
316.06
315.52
315.81
315.57
315.09
315.43
315.27
315.61
314.95
315.29
314.57
315.96
316.33
315.12
316.05
315.4
315.95
315.52
315.71
315.62
316.11
314.78
315.31
314.33
315.21
315.05
314.72
314.69
314.98
314.83
314.87
315.73
315.18
315.6
315.03
315.52
315.05
315.43
315.31
315.88
315.57
315.07
315.77
315.53
315.62
315.76
314.49
315.39
315.49
315.18
315.29
315.53
315.75
315.92
315.53
315.32
315.56
315.66
315.1
315.48
315.86
314.78
314.95
315.65
314.02
314.63
315.32
314.84
314.78
315.4
314.95
315.02
315.46
314.93
315.63
315.24
314.78
315.09
315.11
314.96
314.69
315.94
316.39
316.45
316.08
316.37
316.27
315.97
316.42
316.38
316.53
314.98
314.96
315.19
314.61
314.6
314.16
314.2
314.55
315.06
314.88
314.82
315.24
314.42
314.41
315.08
314.24
314.34
314.26
314.32
314.7
316.3
315.19
315.45
315.69
315.81
316.36
316.11
315.47
316.2
315.52
314.42
314.61
314.32
314.42
314.7
314.41
314.13
314.9
314.58
314.02
315.45
316.73
315.06
315.15
315.57
315.91
315.72
316.38
315.65
315.68
313.83
314.74
314.68
314.46
314.32
314.77
314.06
314.08
314.77
314.51
316.07
315.72
315.65
316.39
315.35
315.6
315.86
315.94
315.78
315.41
315.07
314.84
314.54
314.6
314.4
314.05
314.43
314.84
314.09
314.61
315.61
315.79
315.83
315.45
315.37
315.27
315.99
315.95
315.82
316.01
314.26
314.53
314.73
314.56
313.76
314.59
314.1
314.25
314.96
314.19
316.42
316.11
316.02
315.98
316.14
315.55
316.29
315.89
316.06
315.56
314.79
314.77
314.76
314.73
314.81
314.18
314.64
315.12
314.71
313.49
316.49
316.33
316.37
316.45
316.39
317.07
316.58
316.55
316.55
316.27
314.45
314.45
314.66
314.59
314.5
314.22
314.36
313.86
313.86
314.3
315.42
315.29
316.25
315.02
315.61
316.52
316.22
316.12
316.12
315.4
315.49
315.78
314.4
315.44
314.88
314.92
315.6
316.3
314.68
315.37
314.61
314.92
315.3
314.84
314.51
315.25
315.35
314.96
314.94
315.94
314.92
315.54
315.38
315.43
314.94
315.32
315.33
315.13
316.61
315.75
315.4
313.8
314.34
315.11
315.04
313.98
314.37
315.15
314.57
314.77
316.7
316.04
316.48
315.89
316.37
316.97
316.64
317.43
316.13
317.2
313.57
314.51
314.6
313.18
313.86
314.12
313.86
313.48
314.41
314.11
315.25
315.74
316.33
315.51
315.41
316.17
315.85
315.67
315.22
315.12
314.32
314.31
313.71
313.62
314.64
314.81
314.17
314.18
314.61
314.91
316.33
316.2
316.27
316.32
315.82
315.48
317.0
316.47
315.98
316.92
314.99
314.46
314.46
313.45
314.37
314.37
314.16
314.67
314.53
314.41
315.71
315.76
315.9
315.34
316.0
316.33
316.06
315.92
316.69
315.76
314.84
314.35
315.61
314.91
314.55
315.12
314.96
313.72
314.71
314.85
315.84
315.92
316.67
316.3
316.46
315.86
316.66
316.55
316.23
316.42
313.87
313.74
313.32
314.14
314.75
313.97
314.23
314.26
314.15
314.39
316.52
316.26
316.74
317.09
316.36
317.34
316.64
316.03
316.16
316.55
314.17
314.0
314.31
312.83
313.37
313.24
313.25
314.06
313.59
313.7
316.37
316.62
316.48
316.45
316.69
316.6
316.93
316.64
316.21
315.68
313.6
313.25
313.23
313.24
313.37
313.54
313.57
313.27
313.44
313.13
316.4
316.39
315.97
316.14
316.56
315.9
316.33
315.99
316.81
316.16
314.84
314.72
315.37
314.48
315.01
314.39
315.56
315.05
315.38
314.92
316.02
315.3
315.65
315.16
315.29
315.25
315.96
315.92
316.34
315.21
313.54
313.5
313.42
313.09
313.67
314.71
314.39
313.81
314.13
314.1
316.54
315.95
316.67
316.35
316.04
316.52
316.81
316.12
315.96
315.61
314.87
315.17
315.89
314.4
315.4
315.11
315.28
315.02
314.83
314.63
315.99
314.91
314.52
314.29
314.93
314.56
315.13
315.25
314.85
315.03
315.57
315.28
315.81
315.62
315.27
315.33
315.78
315.36
314.94
315.71
316.06
315.49
316.23
315.79
315.54
315.74
315.78
316.0
314.58
315.58
314.79
315.22
315.2
315.18
315.05
314.92
315.21
314.99
315.33
314.99
315.55
315.41
315.04
314.61
315.26
314.94
314.86
314.52
315.11
314.95
314.48
314.76
315.07
315.44
315.67
314.93
315.36
314.85
313.96
314.54
314.97
315.27
316.15
316.04
315.88
315.53
315.54
314.84
315.4
315.26
315.9
315.47
315.2
315.3
314.91
315.75
315.23
315.47
315.41
316.11
313.87
314.07
314.25
313.83
314.0
313.82
314.24
314.4
313.45
313.81
315.33
315.04
315.14
315.51
315.95
315.73
315.8
315.86
315.56
315.38
315.5
316.15
315.56
315.94
315.81
316.13
316.52
315.25
315.79
315.64
314.76
314.18
313.99
314.87
314.48
314.41
313.91
314.25
314.25
313.5
315.37
316.33
315.88
316.15
316.05
316.39
315.31
315.85
315.48
315.97
315.74
314.88
314.93
315.19
315.58
315.82
315.92
315.97
315.46
315.19
314.91
315.13
315.66
314.98
314.86
314.82
315.14
315.02
315.22
315.33
316.05
315.61
316.4
314.96
316.25
315.96
315.07
315.33
315.67
315.82
314.67
313.81
314.11
313.79
314.09
314.6
314.2
315.62
314.06
314.3
316.32
314.81
315.42
315.49
315.53
316.08
315.6
315.07
315.4
315.93
315.76
315.38
315.58
315.9
315.52
315.56
315.7
315.42
315.64
315.63
314.03
314.13
314.64
314.69
314.83
315.2
314.79
315.09
314.39
314.59
315.25
315.04
315.22
315.04
315.39
315.4
315.63
314.88
315.09
315.44
315.83
316.38
315.16
314.44
315.0
315.12
315.38
314.94
315.06
315.05
315.37
314.82
315.78
315.76
315.06
314.9
315.12
315.22
315.2
315.18
315.08
315.17
314.83
315.68
315.19
315.33
315.22
315.99
315.26
315.45
315.06
315.14
315.08
314.93
314.4
315.56
315.34
314.9
315.73
314.74
315.16
314.92
314.87
315.01
315.05
314.78
315.69
315.25
314.65
315.05
316.12
315.81
314.79
315.33
315.06
315.6
314.75
315.08
315.19
316.06
315.23
314.72
315.28
315.24
314.7
315.1
315.51
314.85
315.09
315.03
315.24
315.61
315.57
315.01
315.27
314.4
315.1
315.32
315.05
315.42
314.74
315.11
314.74
314.74
315.26
315.07
314.95
315.12
314.65
314.83
315.22
314.74
314.48
314.05
314.21
314.56
314.48
314.56
314.61
315.11
315.2
315.97
315.83
315.59
315.98
316.22
315.63
315.8
315.78
315.38
315.24
314.88
315.08
314.44
315.23
314.66
314.6
313.93
314.16
314.52
315.53
315.25
315.04
315.64
314.51
314.58
315.12
315.15
315.34
315.06
315.46
315.25
315.71
315.74
315.69
314.98
315.39
315.29
315.42
315.77
314.82
315.32
315.4
315.13
314.51
314.17
314.92
314.74
315.14
314.37
316.06
315.66
316.28
316.46
316.12
315.96
316.0
316.11
315.76
315.88
314.77
314.6
314.36
314.7
314.03
315.07
314.02
314.23
314.46
314.0
315.72
315.46
316.22
316.04
315.49
316.01
315.47
314.38
315.85
315.7
313.37
313.65
313.2
313.41
314.48
314.45
314.52
314.24
313.88
314.06
316.56
316.62
316.51
316.94
316.9
316.92
316.73
316.29
317.0
316.11
314.39
313.07
314.01
313.63
314.02
314.32
313.95
314.24
314.44
314.34
315.5
315.54
314.81
314.42
314.59
315.3
314.78
314.92
314.12
314.32
316.1
315.85
315.61
316.03
315.86
315.74
316.29
315.99
315.46
315.68
313.92
313.75
313.81
313.98
314.17
314.16
313.63
313.95
314.3
313.77
317.02
316.14
316.18
316.75
317.05
316.76
316.68
315.98
316.33
316.46
313.59
314.07
314.25
314.41
314.21
314.73
314.15
313.75
314.27
314.35
316.71
317.27
317.37
316.06
315.97
316.41
316.73
315.74
316.62
316.65
313.86
314.12
314.05
313.95
313.31
313.85
313.92
314.35
313.9
314.08
316.54
315.92
316.25
316.89
316.52
316.72
316.49
316.87
317.04
317.32
314.26
314.28
314.05
313.84
314.36
314.18
314.28
314.29
314.22
313.96
316.36
316.66
316.02
316.21
316.1
316.16
316.77
317.17
316.6
316.42
313.83
314.16
313.69
313.65
314.33
313.93
313.42
313.75
313.15
313.41
316.15
316.23
316.39
316.75
316.44
316.79
316.45
316.15
316.75
317.1
314.68
314.07
314.37
314.73
314.12
314.43
314.64
313.13
314.02
314.15
316.17
316.79
316.29
316.27
316.28
316.34
316.45
316.33
316.25
315.8
313.15
312.61
313.76
313.42
314.14
312.79
313.98
313.52
313.42
313.36
315.8
315.42
315.54
315.54
315.56
315.37
315.5
315.74
315.38
314.79
315.99
315.62
315.84
315.96
316.51
315.36
315.92
315.51
316.47
316.49
315.45
315.88
315.89
315.92
316.23
315.98
315.85
315.82
316.04
315.66
315.5
315.2
315.2
315.31
315.29
314.95
315.48
315.17
315.13
315.31
315.58
315.27
315.8
315.44
316.05
315.8
315.45
315.8
315.67
315.51
315.01
314.99
314.85
314.64
315.04
314.45
314.31
314.27
314.26
314.19
315.84
315.87
316.38
315.72
315.62
315.35
315.93
314.42
315.56
315.72
314.44
314.01
315.33
314.42
314.32
314.23
314.29
314.03
314.26
314.26
315.69
315.34
315.82
316.34
316.2
316.29
315.64
315.91
316.7
315.68
315.06
315.15
315.08
314.75
314.96
315.65
314.87
315.21
314.14
314.73
315.91
315.43
315.15
315.02
316.44
315.89
315.21
315.56
315.88
315.41
313.51
314.37
313.47
314.29
314.32
314.2
314.24
313.47
313.9
313.95
315.22
315.15
315.15
315.52
315.65
314.94
315.28
315.84
315.36
314.93
314.73
314.93
315.61
314.62
314.96
315.26
315.33
314.99
314.91
314.92
315.37
315.65
316.01
316.08
315.77
315.06
315.63
315.64
315.53
315.18
315.14
314.72
315.34
315.41
314.64
315.3
314.72
314.88
315.11
314.58
314.69
315.31
315.29
315.52
314.9
315.29
314.96
314.8
314.68
314.67
314.36
314.84
314.72
314.55
314.77
315.17
314.5
315.1
315.23
315.16
316.02
315.34
315.44
314.77
315.59
315.27
315.46
315.31
315.21
315.48
315.45
314.64
315.17
315.14
315.01
314.87
314.87
314.77
315.69
315.08
314.67
314.45
315.38
314.59
314.8
314.94
314.68
315.03
314.3
315.03
315.06
315.27
315.39
315.15
314.93
314.56
314.88
314.81
314.95
314.82
315.89
316.13
315.69
315.59
315.42
315.77
315.55
316.23
316.19
315.11
315.09
315.3
315.43
315.21
314.92
314.98
314.94
315.03
315.21
315.55
314.98
315.24
315.81
315.21
315.46
315.52
315.46
314.74
315.5
315.52
315.4
314.78
315.57
315.54
315.4
315.55
315.74
314.98
315.0
315.11
315.33
315.3
315.08
314.94
314.67
315.28
314.12
314.99
315.13
315.14
315.45
315.34
315.1
315.65
314.31
314.55
314.47
314.83
314.99
314.81
314.51
314.98
315.39
314.92
315.28
315.63
314.72
314.98
315.03
314.77
315.78
315.31
315.42
315.44
314.92
315.15
315.03
314.63
314.7
314.69
314.71
314.29
314.97
314.21
314.86
314.46
314.75
314.96
314.15
314.68
315.09
314.0
313.9
314.76
315.01
314.91
314.87
314.89
314.43
314.58
315.36
315.17
314.57
316.4
314.94
315.06
314.69
314.9
314.91
316.04
314.9
315.29
315.59
315.35
315.34
314.67
314.87
315.28
315.58
314.9
315.23
315.72
316.0
315.51
315.0
314.45
315.8
314.56
314.54
314.39
315.6
315.06
315.88
315.11
315.4
315.23
315.26
314.78
315.23
315.26
315.3
314.39
314.93
315.06
314.85
315.31
314.99
314.9
314.71
314.29
316.33
315.9
315.69
315.95
316.15
315.6
316.02
315.94
316.09
315.58
314.96
314.71
315.04
314.87
314.55
314.93
315.49
315.36
315.73
315.13
315.96
315.68
315.85
315.67
316.31
315.08
316.28
315.52
315.97
315.76
314.01
315.04
314.74
314.67
315.09
314.49
314.76
314.95
314.67
314.73
316.26
315.75
316.73
316.44
316.38
316.28
316.39
316.86
316.02
316.55
314.2
314.86
314.11
314.98
313.62
314.31
314.87
314.95
314.46
314.13
315.27
315.88
315.7
315.11
314.92
315.53
314.85
315.25
314.76
315.44
314.86
314.51
314.08
314.5
314.86
314.14
314.12
313.66
313.31
314.06
316.09
317.05
316.35
315.96
316.09
316.22
316.49
316.17
315.61
316.06
314.03
313.9
314.03
313.72
313.42
314.46
313.83
314.02
314.21
313.92
316.38
316.8
316.07
316.72
316.7
316.32
316.43
316.73
316.73
316.64
313.17
313.91
313.58
313.7
313.81
313.4
313.39
313.25
313.37
313.64
315.51
316.32
316.19
316.67
316.14
315.81
316.32
315.8
315.91
316.37
316.12
316.5
316.44
316.3
316.7
316.33
316.15
316.34
316.73
316.58
312.87
313.39
313.59
313.52
313.1
313.11
313.15
314.06
313.41
313.41
316.38
316.48
316.14
316.86
316.69
316.28
316.24
316.63
316.63
316.64
312.9
313.35
313.63
313.42
312.45
313.06
313.84
314.06
313.56
313.18
316.05
315.58
316.12
315.91
316.17
315.82
315.25
316.09
315.8
316.28
316.97
316.91
317.02
315.89
316.5
317.12
315.97
316.25
316.69
316.64
313.06
313.54
313.13
313.59
313.19
313.09
313.37
313.02
313.51
313.72
315.69
316.02
316.02
316.46
316.07
316.21
316.08
315.47
316.05
317.03
317.46
316.62
316.6
316.92
317.18
316.84
316.86
317.07
316.7
317.06
314.1
313.68
313.61
313.93
314.51
313.62
313.73
314.16
314.12
314.15
316.03
315.65
315.76
316.18
316.24
316.08
315.7
315.96
315.95
316.6
313.84
313.2
313.0
313.3
313.55
313.1
313.81
313.51
313.31
312.75
315.89
315.99
315.21
315.68
316.01
315.87
315.53
315.91
316.24
316.1
316.35
316.66
316.81
316.41
316.37
316.34
315.87
316.29
315.5
315.84
314.05
313.49
313.51
314.36
313.53
313.8
314.14
314.67
314.33
314.02
316.27
315.6
316.72
316.37
316.87
316.26
316.41
316.04
316.77
316.64
313.71
313.56
313.64
313.14
313.61
313.3
313.81
312.75
313.5
313.61
316.14
316.41
315.6
316.26
315.82
316.24
315.14
315.62
316.06
315.41
316.31
316.2
316.27
316.36
316.02
317.21
316.0
316.88
316.1
315.68
314.16
314.38
313.87
313.05
313.55
313.42
313.31
314.1
313.44
313.97
316.47
316.14
315.94
316.42
315.95
316.27
315.44
315.97
314.91
315.92
315.49
316.29
316.72
315.78
315.59
315.41
315.62
316.24
315.77
316.77
314.25
314.37
314.31
314.06
313.97
313.9
313.94
313.83
314.3
313.67
315.8
315.46
314.39
315.91
315.73
315.77
314.93
315.69
314.97
314.83
315.21
315.83
315.45
315.8
315.74
315.57
315.55
315.49
316.09
315.63
315.79
315.78
316.31
315.45
316.92
316.05
315.9
316.04
316.1
315.92
314.94
313.96
314.4
315.0
314.35
314.06
314.09
314.71
314.6
314.74
316.27
315.71
315.59
315.65
315.86
315.53
315.87
316.49
316.01
316.25
314.67
314.4
314.46
314.79
314.99
314.91
314.61
314.65
315.17
314.66
315.51
316.07
315.66
316.41
315.08
314.55
315.5
314.89
315.36
316.11
315.38
315.69
315.61
315.61
315.9
315.73
315.77
315.57
315.52
315.91
314.86
314.45
314.31
314.28
315.08
314.36
313.31
313.84
314.27
314.2
315.2
315.58
314.92
315.42
314.91
316.07
315.86
315.45
316.06
315.48
315.94
315.1
316.17
315.34
315.69
315.86
315.31
316.11
315.53
315.54
314.11
314.46
314.14
314.57
314.58
313.89
314.34
313.4
314.7
314.78
315.82
315.23
314.87
315.66
315.26
315.48
315.08
315.41
315.18
315.52
315.12
315.72
315.61
315.2
315.9
315.11
314.83
315.41
315.25
315.11
315.38
315.2
314.89
315.27
315.62
315.08
315.77
315.38
315.15
315.1
315.62
315.67
315.67
315.31
314.96
315.08
315.36
315.62
315.56
314.95
315.01
315.05
315.67
315.13
315.03
315.01
316.02
315.62
314.98
315.34
315.03
315.22
314.81
315.37
315.22
315.33
314.84
314.29
314.91
314.84
315.15
314.05
314.5
314.89
314.08
314.42
314.63
314.57
314.38
314.12
315.81
315.34
315.4
314.82
315.29
315.68
315.46
315.49
315.99
315.65
314.33
315.31
314.53
314.99
314.72
314.04
314.62
315.24
315.15
313.99
315.08
314.9
315.18
314.68
314.71
315.38
313.97
314.81
315.03
315.44
315.94
315.29
315.96
315.84
315.39
316.38
316.37
314.76
316.15
316.42
315.09
314.76
314.9
316.0
314.8
315.3
314.41
315.75
315.62
315.12
315.51
315.44
315.57
315.68
315.29
316.01
314.94
315.79
315.46
315.88
314.87
314.56
315.11
314.63
315.3
314.82
313.52
315.46
314.69
315.03
315.46
315.69
315.39
315.5
315.14
315.44
315.99
314.65
315.37
315.14
315.41
314.17
315.06
315.86
315.11
314.84
315.29
315.28
314.9
315.52
315.59
315.2
316.04
315.38
315.25
315.42
314.83
315.37
316.03
315.77
315.15
314.03
315.49
314.58
314.96
315.08
314.5
314.56
314.89
314.55
314.93
314.84
315.67
315.8
315.72
315.23
315.38
315.41
315.02
315.56
315.29
315.36
315.65
316.24
315.46
315.27
315.93
315.77
315.71
314.82
315.7
314.54
314.85
315.02
314.35
314.34
315.01
314.92
315.25
314.72
315.27
315.66
314.49
314.7
314.95
315.02
314.5
315.57
315.19
315.62
315.69
316.11
316.61
316.09
316.49
315.66
315.85
316.64
316.17
315.82
314.59
314.38
314.46
314.49
314.06
313.7
314.14
314.72
314.65
314.1
315.51
314.74
315.03
314.56
315.43
315.26
314.93
314.77
315.65
314.34
315.95
315.64
315.69
314.97
316.08
316.48
315.86
316.28
316.45
316.13
314.55
315.28
314.11
314.45
314.14
314.93
314.66
313.95
315.14
314.92
315.6
316.31
316.03
315.5
315.53
316.14
316.35
316.46
315.51
316.58
314.84
315.7
315.71
314.88
315.38
315.22
316.0
316.07
315.23
315.87
315.27
314.97
315.02
314.02
315.24
314.86
314.09
314.68
314.81
315.33
315.31
314.76
315.34
315.37
315.37
315.4
314.96
315.07
315.46
314.31
315.3
314.6
315.04
315.88
314.72
314.71
315.29
314.52
315.15
315.43
314.41
315.48
315.19
315.13
315.34
314.78
314.81
314.73
315.24
315.08
315.14
315.23
314.93
315.3
315.08
315.18
315.4
314.99
315.04
314.91
315.67
315.03
315.07
315.12
315.15
315.48
315.09
315.74
315.2
315.69
314.8
314.96
316.1
315.67
316.27
315.64
316.08
316.12
315.68
316.38
315.86
315.35
315.05
315.57
315.5
314.41
314.98
315.77
315.29
315.38
314.94
315.12
315.55
315.62
315.29
314.47
314.84
314.54
314.75
315.42
314.64
315.32
315.55
315.53
315.1
315.65
315.31
315.87
315.38
314.91
315.14
314.66
316.21
316.09
315.91
315.74
316.06
315.8
315.31
316.18
315.27
315.38
315.42
315.34
315.44
315.5
315.52
315.06
315.05
315.65
315.31
314.76
315.32
315.53
314.86
315.43
315.36
314.94
315.25
314.65
315.36
314.92
315.62
315.7
315.53
315.7
315.77
315.73
315.71
315.28
314.45
313.76
314.0
313.87
314.33
314.46
314.06
314.16
313.81
313.36
315.54
314.77
314.85
314.36
315.23
314.27
314.66
313.72
314.42
315.39
314.85
315.02
315.04
315.22
314.55
314.54
315.49
315.08
314.84
314.95
315.59
315.69
314.95
315.86
315.52
314.62
315.96
315.75
315.21
315.63
315.65
314.99
315.02
315.45
315.35
315.62
314.85
315.19
314.57
315.56
315.01
314.82
314.75
315.51
315.55
315.33
315.66
315.34
315.28
315.7
314.92
315.05
315.23
314.93
315.14
315.47
314.65
315.45
314.8
315.18
315.5
315.97
316.13
315.72
316.12
315.29
315.53
315.73
315.18
315.62
315.21
314.63
315.0
314.74
315.25
315.3
315.22
315.59
315.25
315.08
315.85
315.4
315.42
314.67
314.44
315.24
315.95
315.19
315.21
315.95
315.22
315.49
315.85
315.55
314.79
315.16
314.3
315.78
314.69
315.75
316.05
314.83
315.33
314.73
315.37
315.48
314.98
314.77
315.76
315.69
315.32
315.59
315.48
314.94
315.03
315.68
315.7
314.77
315.64
315.07
314.85
315.27
315.22
314.66
314.67
315.23
315.88
314.99
314.99
314.98
314.99
315.19
314.98
315.4
314.8
315.87
315.61
315.51
314.03
314.31
315.03
314.41
315.1
314.08
314.54
314.91
314.41
314.77
314.73
314.48
314.82
315.67
315.13
314.95
315.18
315.11
315.29
315.96
315.14
314.98
314.83
315.38
315.69
315.12
315.92
315.24
315.66
314.89
314.87
315.66
315.16
315.58
315.09
314.6
315.4
315.29
315.94
315.18
315.02
315.97
315.26
315.71
315.35
315.62
315.62
315.47
315.9
314.92
315.34
315.34
314.14
315.29
315.4
315.61
315.28
315.23
314.76
315.55
315.54
315.57
315.23
314.93
315.8
315.36
316.17
315.73
315.83
315.35
316.2
315.39
314.8
314.83
314.28
314.89
315.19
315.67
315.58
315.23
315.26
315.17
314.56
314.78
315.24
315.11
315.38
314.9
314.65
315.23
315.44
314.95
315.01
315.82
316.1
315.2
315.3
316.31
315.8
315.29
314.56
315.89
314.36
314.74
314.93
314.76
314.89
314.85
314.56
314.16
315.51
315.15
314.86
315.35
314.23
314.48
314.66
315.19
314.68
315.26
315.1
314.15
315.6
315.54
314.73
315.5
315.42
316.07
315.48
315.41
315.25
316.39
314.9
315.51
315.19
315.75
315.39
315.25
316.89
315.53
315.34
315.7
315.25
314.1
314.09
315.35
314.91
314.5
314.84
315.22
314.93
314.82
314.96
314.74
315.13
315.62
315.32
314.16
314.97
314.23
314.79
315.25
315.39
315.04
315.52
316.49
315.94
316.07
316.18
315.42
315.95
315.69
314.9
315.72
315.38
314.82
315.9
315.38
315.38
315.17
314.9
315.22
314.72
315.34
315.48
314.89
315.23
314.93
315.24
314.94
315.71
314.6
315.46
314.92
315.37
315.91
314.32
315.34
315.4
316.09
315.3
314.87
314.59
315.58
314.98
315.93
315.07
314.84
315.68
314.88
315.25
314.28
315.88
315.67
315.38
315.42
315.7
316.04
315.83
315.45
315.31
315.82
314.48
315.0
314.22
314.53
314.99
314.99
314.48
314.64
315.55
314.34
315.3
315.45
314.87
315.93
316.02
315.62
316.27
315.34
316.2
316.49
314.57
314.47
315.47
314.28
314.04
315.05
314.7
314.45
314.97
315.1
315.63
314.56
315.85
315.59
315.05
315.75
316.24
315.42
315.48
315.7
315.89
315.43
314.24
314.82
314.74
314.78
315.48
314.55
314.86
314.94
314.96
315.38
314.09
314.65
314.72
314.83
315.1
314.6
315.17
315.4
314.99
315.19
315.47
315.51
315.27
315.23
315.02
315.39
315.04
315.04
315.49
315.49
315.61
316.05
314.78
315.21
316.12
315.73
315.37
315.75
314.71
314.73
315.43
314.5
315.07
314.74
314.85
315.25
315.04
315.3
315.12
315.29
315.21
315.2
315.8
314.62
315.26
315.04
314.82
314.77
314.75
314.88
314.67
315.13
314.89
314.03
315.6
314.22
315.31
314.7
315.07
316.52
315.13
315.53
315.51
315.51
315.84
315.68
314.92
315.6
315.07
315.95
314.64
315.66
315.77
315.47
314.69
315.9
315.34
315.4
314.64
314.73
313.63
315.09
315.01
314.7
314.84
314.51
314.5
314.26
316.47
315.98
316.08
316.64
316.18
315.86
316.18
316.46
315.7
315.9
314.66
314.52
314.95
314.7
314.7
314.81
314.29
314.59
314.14
314.45
315.39
315.48
315.5
314.39
315.33
315.67
314.91
316.08
315.77
315.55
315.09
314.67
315.49
314.99
314.71
315.18
314.47
316.0
314.42
315.09
316.57
315.81
315.6
315.33
315.6
315.43
315.53
316.01
316.17
315.06
314.93
314.87
313.69
314.74
314.26
314.04
315.03
314.33
314.76
314.21
316.7
316.23
316.74
316.54
315.9
316.09
316.02
315.75
315.74
316.17
314.56
314.4
314.79
314.5
314.3
313.61
314.51
313.97
313.96
314.44
315.78
315.88
315.65
314.69
315.32
314.35
315.8
315.45
314.6
314.55
316.43
315.07
315.49
314.93
315.6
316.04
315.72
315.5
315.11
315.97
314.63
314.37
315.28
314.96
314.26
315.7
314.61
315.06
314.7
314.59
315.42
315.16
315.93
315.59
315.82
314.9
315.66
315.75
314.73
315.59
315.28
315.05
315.69
314.34
315.54
315.0
315.66
314.85
314.9
315.14
315.01
315.82
315.37
315.18
315.89
314.63
315.25
316.58
315.49
316.06
315.0
315.25
314.92
314.64
314.47
315.57
315.28
314.09
314.67
315.11
314.6
314.98
315.55
315.76
314.61
315.55
314.71
315.3
314.83
315.42
316.13
315.59
315.71
316.05
315.47
315.66
316.21
315.62
315.58
316.55
314.31
314.17
314.03
314.31
314.46
314.23
314.75
314.52
314.78
314.54
316.85
316.0
316.29
316.18
315.9
316.1
316.34
315.73
316.76
315.92
314.63
314.67
315.13
313.14
314.82
314.15
313.8
314.06
314.49
315.22
315.58
315.38
315.68
315.54
315.44
315.92
314.91
314.78
314.76
314.91
314.07
314.18
314.27
314.11
315.0
314.54
314.61
315.28
314.29
314.45
316.23
315.51
316.36
316.85
317.16
315.95
317.43
316.4
315.84
316.76
314.28
314.44
313.59
314.42
314.0
314.74
314.84
314.52
313.72
313.67
316.18
315.82
316.28
315.66
316.53
315.34
316.53
315.88
316.47
316.13
315.49
314.38
315.1
315.01
313.55
314.54
315.28
314.69
315.23
314.52
315.3
315.32
315.15
314.49
315.41
314.92
314.73
315.17
315.86
315.17
315.5
315.46
315.17
314.69
315.34
315.48
315.81
315.41
315.07
315.91
314.56
314.88
315.53
314.71
315.44
314.62
314.91
315.54
314.42
314.94
315.5
314.92
315.77
315.15
315.05
315.62
315.98
315.42
315.16
315.37
315.49
315.41
314.25
315.4
315.04
314.66
314.1
315.09
314.04
314.24
316.49
315.96
315.3
315.82
315.43
316.25
315.98
315.66
315.27
316.06
315.17
315.28
315.24
313.93
315.04
315.43
315.66
314.57
314.75
315.22
315.89
315.65
314.96
314.31
315.17
315.14
315.92
315.9
314.83
314.71
314.96
314.97
315.23
314.83
315.16
314.45
315.17
314.82
314.49
315.27
315.15
315.97
316.0
315.39
315.96
315.21
315.74
316.25
316.07
315.75
315.21
315.2
314.9
315.6
315.68
315.41
314.68
315.59
315.1
315.03
314.92
315.21
314.01
315.58
314.71
315.67
315.26
315.24
314.95
314.77
316.14
315.1
315.45
315.88
315.35
314.68
315.95
314.9
315.43
315.33
314.88
314.26
315.32
314.29
314.34
315.58
315.48
314.69
314.87
314.74
315.38
315.91
315.98
315.15
316.01
316.18
316.0
316.29
315.36
315.91
315.53
314.92
316.12
315.32
315.42
314.85
315.38
314.39
315.15
315.39
314.14
315.73
315.01
315.33
314.57
315.57
315.76
314.65
315.38
315.25
314.88
315.35
314.97
315.51
315.27
315.21
316.18
315.49
315.8
315.74
314.76
313.45
315.55
315.08
314.17
314.89
315.03
314.58
314.05
315.56
315.53
315.82
315.24
315.26
315.15
315.99
314.8
314.98
315.24
315.31
315.5
315.46
315.49
315.71
315.57
316.37
315.55
315.16
315.93
315.89
315.39
315.66
315.6
316.07
316.01
315.49
315.59
315.91
315.86
315.06
314.35
313.56
315.03
314.14
313.42
314.12
314.76
315.28
313.91
313.74
315.83
315.6
316.14
315.77
316.19
315.76
315.73
315.74
315.96
316.07
315.02
315.76
315.51
315.17
315.24
314.46
314.76
314.36
314.07
314.55
315.5
316.82
315.71
315.73
315.04
315.49
315.48
315.82
315.45
315.83
315.31
315.9
315.42
315.94
315.07
315.69
316.05
315.38
315.78
315.53
314.47
314.52
314.66
314.71
314.82
314.46
315.71
314.93
314.8
314.53
315.38
314.78
314.68
314.38
314.52
315.4
314.93
315.16
314.28
315.1
315.43
316.67
315.41
315.63
315.73
315.23
315.8
315.59
315.88
315.85
315.04
315.83
315.17
315.59
315.45
315.28
315.1
315.54
315.8
315.1
315.15
314.58
315.24
315.74
315.06
315.23
315.64
315.06
314.68
314.26
315.33
314.6
315.49
314.87
314.98
314.9
315.5
315.82
315.39
314.78
315.42
315.57
314.47
315.27
315.39
315.0
315.43
315.57
314.57
314.7
315.53
314.52
315.92
314.7
314.84
315.44
315.45
315.88
315.12
315.32
314.8
315.19
315.08
314.96
314.5
315.27
315.44
315.31
314.76
314.49
315.4
315.36
315.34
315.09
315.08
315.96
315.57
315.06
315.57
315.85
314.07
314.3
314.67
314.53
314.59
314.99
314.79
314.76
314.86
315.0
315.9
315.66
315.85
315.06
315.89
315.03
314.88
314.98
315.48
314.68
314.72
315.01
315.8
314.77
315.15
315.51
315.53
315.23
315.16
315.67
315.57
314.92
315.45
314.62
315.23
315.47
314.58
314.83
315.31
314.91
316.25
315.47
314.52
314.92
314.99
314.81
314.73
315.02
314.67
315.27
314.67
315.26
314.83
314.35
315.05
314.61
315.17
315.32
314.51
315.03
315.87
314.73
315.32
315.24
314.51
314.93
315.57
315.52
315.43
315.33
315.44
315.04
315.8
315.3
315.79
315.12
315.14
315.35
316.02
315.08
314.86
315.22
314.77
315.42
314.37
315.07
315.34
315.49
314.5
315.39
315.72
315.05
315.35
315.69
314.7
315.88
315.99
315.22
316.39
315.73
315.35
314.54
314.7
315.2
314.94
314.5
315.44
315.42
314.88
315.31
314.67
315.42
314.83
314.83
315.51
315.59
315.43
315.08
314.79
314.6
315.26
315.12
314.58
315.78
314.9
314.52
315.93
315.1
314.99
314.4
315.17
315.23
315.21
315.76
314.8
314.88
315.25
314.75
315.31
314.92
314.41
314.91
315.28
314.73
314.77
314.52
315.18
314.95
314.81
314.84
315.52
315.18
314.41
315.13
315.69
315.36
315.31
315.27
315.44
314.53
316.24
315.77
314.84
315.9
316.24
315.45
315.31
315.16
315.64
315.58
315.36
314.35
314.99
315.21
314.92
314.57
315.32
315.37
314.95
315.16
314.65
314.8
315.21
314.82
314.39
314.46
314.44
315.06
314.96
314.79
314.56
315.7
315.14
315.19
315.41
315.11
314.93
314.65
315.67
314.39
315.77
314.74
316.37
315.65
315.63
315.23
315.62
315.24
315.31
315.64
314.61
314.78
314.96
314.47
315.09
314.71
314.66
314.33
314.09
314.97
316.0
314.86
315.11
315.23
315.76
315.04
315.28
315.71
315.11
314.6
316.02
315.0
314.79
315.94
314.85
315.29
315.52
314.49
314.94
315.37
314.89
315.89
314.89
314.9
314.8
315.87
314.95
316.35
314.3
315.0
315.18
315.67
315.07
315.57
314.46
315.57
315.07
315.88
316.04
315.37
315.08
314.58
314.95
314.74
314.9
314.82
315.43
314.83
314.98
314.99
315.81
316.45
316.28
315.6
316.21
316.5
315.61
315.61
316.45
316.0
315.33
314.04
314.85
315.18
314.51
315.34
314.43
314.44
314.53
314.53
316.23
316.54
315.54
316.19
315.3
315.52
315.47
315.84
315.17
315.94
314.36
314.37
313.04
314.58
314.76
314.52
314.74
314.47
314.33
314.77
315.53
316.55
316.14
316.11
316.19
316.2
316.35
316.56
315.62
315.38
315.01
314.63
315.07
315.15
314.93
315.11
315.51
313.9
315.25
315.47
315.26
314.83
314.76
314.67
314.51
314.98
314.71
315.55
314.97
315.1
314.94
315.4
315.06
315.54
314.73
315.33
315.21
314.88
315.32
315.42
315.52
315.48
315.36
315.99
316.25
315.32
315.57
315.96
316.1
315.94
315.25
315.28
314.95
314.47
314.43
315.07
314.61
314.12
314.68
314.81
315.51
315.58
315.9
315.69
315.27
315.61
315.28
315.43
316.22
315.79
315.3
315.1
315.23
315.28
314.75
314.56
314.76
314.61
315.02
314.24
315.47
315.27
315.22
316.12
315.01
315.55
315.57
315.2
315.17
315.51
314.63
315.87
314.99
316.15
315.52
315.48
315.8
315.64
315.55
315.38
314.96
315.21
315.01
314.42
315.29
314.93
315.24
315.46
315.9
315.37
314.38
314.29
314.35
314.25
314.75
314.6
314.26
314.99
315.14
314.68
315.52
315.9
315.79
315.96
315.46
315.79
315.49
315.94
315.82
316.6
314.37
314.23
314.93
314.75
314.5
314.09
315.27
315.05
314.15
314.86
315.33
315.26
315.37
315.93
315.67
316.17
315.56
315.69
315.59
314.87
315.46
315.56
314.84
315.67
314.53
315.76
314.63
314.55
315.58
315.29
315.03
315.51
315.08
314.86
314.63
314.42
314.83
314.77
315.23
314.68
315.66
315.98
316.09
314.92
314.84
316.11
315.09
315.32
315.7
315.62
315.49
315.37
314.93
314.99
315.28
315.21
315.6
315.05
315.85
314.7
315.22
314.75
315.0
315.07
315.21
314.78
314.73
314.95
315.12
314.17
315.78
315.68
315.34
315.43
315.65
315.52
315.28
314.92
315.52
316.06
315.05
315.05
315.2
314.68
315.65
315.31
315.11
315.49
314.93
315.34
314.1
314.94
314.32
315.07
314.37
314.96
314.55
315.35
314.64
314.7
315.09
315.36
314.99
316.0
315.72
315.41
315.44
316.02
315.85
314.82
315.53
315.08
314.53
314.68
315.19
314.61
315.54
314.53
315.05
315.69
314.84
314.81
315.58
315.69
314.81
315.63
315.09
315.86
315.26
315.42
315.66
315.73
315.09
315.59
315.8
314.69
315.38
315.62
314.8
315.45
314.98
315.41
315.72
315.3
315.45
314.87
315.81
315.22
314.91
315.05
315.52
315.59
315.33
315.06
315.56
315.18
315.52
315.65
314.62
314.53
314.96
314.67
315.18
315.08
315.6
314.43
315.45
315.21
315.05
314.11
316.52
316.05
315.65
315.53
315.23
315.18
315.32
315.11
316.01
315.98
314.69
315.3
315.07
314.11
315.05
315.83
315.07
315.02
314.08
314.74
315.41
315.13
315.57
315.47
314.9
315.21
315.76
315.42
315.18
315.44
314.98
314.54
315.37
314.89
314.86
315.62
315.36
314.88
314.88
316.03
315.7
315.32
315.63
315.1
315.12
314.71
315.21
315.78
314.89
315.35
315.54
314.67
315.11
314.99
315.2
314.52
315.09
315.07
314.98
315.07
315.44
314.63
315.5
315.01
315.81
314.73
315.56
314.42
315.21
315.47
315.6
315.2
314.72
314.66
315.31
314.4
315.83
315.28
314.87
314.61
315.2
314.89
315.13
315.21
315.0
315.53
314.98
315.37
314.82
315.04
315.18
315.13
314.92
315.41
315.04
315.5
315.16
315.46
315.11
315.11
315.84
314.98
315.12
314.26
314.83
315.5
315.39
315.28
315.36
315.43
315.08
315.62
315.1
315.6
314.49
315.57
315.8
314.82
315.09
315.35
315.44
315.68
314.89
314.86
315.29
314.85
315.3
314.64
315.16
314.93
315.86
314.81
315.03
314.7
315.79
315.04
315.62
315.3
315.72
315.26
315.32
314.82
316.04
315.84
314.99
315.15
314.87
315.72
315.58
315.69
315.38
315.86
315.36
315.03
314.6
315.39
314.84
314.99
314.53
314.35
315.45
315.43
314.88
314.46
315.41
315.12
314.66
314.69
314.52
314.26
314.49
315.26
314.31
314.06
314.73
314.8
314.46
314.94
314.14
315.0
315.22
315.02
315.09
315.43
315.87
315.79
316.13
315.48
315.27
315.89
315.14
315.35
315.58
314.57
314.86
314.61
314.45
315.42
314.43
314.74
315.41
315.29
315.04
315.12
315.08
315.35
315.75
314.83
315.7
315.53
315.96
315.41
315.62
315.76
315.15
315.14
315.15
315.17
315.49
315.27
315.51
315.88
315.27
314.88
315.12
314.67
315.13
314.88
314.74
314.75
316.48
315.22
315.8
315.86
315.17
315.7
315.37
314.71
315.23
316.55
315.37
314.67
314.91
314.75
314.89
314.52
315.13
314.78
314.73
314.85
315.39
314.79
314.79
314.94
315.01
315.27
315.37
314.67
315.79
315.03
315.34
315.54
315.3
315.78
315.07
315.52
315.81
315.34
315.3
315.8
314.16
314.78
314.55
315.01
314.71
314.21
314.2
314.81
314.95
314.96
317.35
317.27
317.07
317.28
316.8
316.65
317.05
317.08
316.82
317.09
314.76
315.05
314.84
315.33
315.5
315.43
315.27
315.04
315.06
315.23
314.19
314.09
314.32
315.28
314.68
314.61
314.59
315.14
315.07
314.85
313.81
314.65
314.08
314.76
314.2
314.1
314.04
314.21
314.3
314.44
315.96
317.04
316.75
317.27
316.28
316.72
317.33
316.51
316.4
316.59
314.38
314.02
314.63
314.21
314.99
313.56
314.51
313.55
314.49
313.41
314.67
314.92
315.01
314.79
314.56
315.86
315.1
315.3
315.04
315.69
315.77
315.12
315.12
315.14
316.19
314.57
315.45
316.18
316.06
314.41
314.57
314.64
314.96
315.55
314.28
314.81
314.76
314.46
314.24
314.64
315.43
316.56
316.59
315.63
315.59
317.26
316.23
316.84
315.73
316.67
313.99
314.15
314.87
313.92
314.04
315.42
314.91
315.24
314.57
314.74
315.73
316.08
316.02
315.36
314.98
316.08
315.23
315.37
316.03
315.87
313.95
314.74
314.66
314.8
313.8
314.16
314.68
313.5
314.05
314.85
316.99
314.8
315.08
315.47
315.73
317.23
316.11
315.7
315.72
316.38
315.27
315.24
314.72
315.47
315.39
315.15
315.11
315.12
314.64
315.48
315.85
315.74
316.05
315.34
315.73
315.28
315.79
315.58
315.06
315.68
314.12
314.62
314.76
314.92
315.07
315.03
314.95
315.13
314.27
313.74
315.73
315.6
315.18
316.19
315.42
314.86
314.55
315.34
315.37
315.71
315.29
314.8
314.11
314.87
314.93
314.17
314.62
314.43
315.5
315.14
316.4
316.75
316.66
315.83
316.61
316.76
316.43
316.03
317.23
315.61
314.22
314.11
314.04
314.38
314.31
314.95
314.88
314.12
314.8
314.52
315.96
316.17
315.34
315.99
316.22
316.38
315.4
315.77
316.21
315.75
314.69
314.49
314.73
314.41
313.69
314.85
314.76
314.52
314.36
314.03
314.81
315.74
316.14
316.13
316.3
315.62
315.06
315.15
316.23
316.05
314.8
315.27
314.82
314.3
314.49
314.67
313.86
314.19
314.23
314.19
316.35
316.51
315.95
315.78
316.62
315.62
316.2
316.09
316.82
315.98
314.74
313.51
313.81
313.08
314.43
314.1
313.13
313.23
313.76
313.87
316.35
316.94
316.81
316.55
316.5
316.68
316.66
316.65
315.84
316.43
313.39
313.91
314.02
313.41
313.55
313.53
313.97
313.18
313.98
314.46
316.59
316.59
316.5
315.83
316.24
316.3
316.92
316.07
317.11
316.62
314.69
315.14
314.93
315.22
314.63
315.22
315.5
315.63
315.48
315.46
315.92
316.13
316.46
316.26
315.23
315.76
316.21
315.93
315.75
316.18
313.68
313.52
313.12
313.24
313.16
313.46
313.61
313.59
313.23
313.82
315.62
315.79
315.37
315.97
315.64
315.67
316.25
316.35
316.58
315.26
316.74
316.92
316.37
316.19
317.4
316.65
316.27
315.79
316.72
316.3
313.53
313.4
312.83
313.71
313.18
313.58
313.4
313.48
313.89
314.14
315.81
315.0
315.17
315.35
315.21
315.77
315.61
315.4
315.15
315.4
315.42
315.43
316.69
316.1
315.42
316.31
316.15
315.41
315.94
316.31
316.75
316.4
316.0
317.09
316.09
316.53
316.93
316.34
316.35
316.11
313.95
313.64
313.56
313.61
313.36
313.33
313.86
313.44
314.41
313.3
315.54
316.26
315.79
316.16
316.11
316.43
316.24
315.62
316.4
316.11
316.07
315.82
316.01
316.5
315.99
315.0
316.87
317.05
316.84
316.82
313.2
313.46
313.98
313.02
313.05
313.2
312.76
312.92
312.46
311.72
315.91
315.39
315.74
315.48
315.39
315.43
316.27
315.86
315.7
315.97
315.45
315.06
315.44
315.57
315.17
315.89
315.25
314.7
315.31
314.86
315.05
315.11
315.6
315.24
316.31
315.41
315.21
314.89
315.84
315.65
315.16
315.9
315.43
315.01
315.37
314.94
315.75
315.56
315.01
315.03
314.74
315.58
315.35
315.56
315.69
315.5
315.58
315.31
315.11
315.89
316.08
315.21
315.86
315.38
315.08
314.98
315.46
315.48
315.66
315.39
315.98
315.61
315.46
315.51
315.56
315.88
315.98
315.26
315.64
315.55
316.04
315.83
315.29
316.01
316.32
315.93
315.78
315.31
316.18
315.94
314.1
313.78
314.92
313.46
314.02
314.66
313.83
314.07
313.3
313.76
314.99
315.22
315.94
316.09
315.48
316.08
316.08
315.76
315.56
315.9
315.77
315.84
316.29
316.06
315.81
315.87
315.24
316.17
316.29
314.75
314.74
313.98
314.14
313.8
314.98
314.45
314.06
314.49
314.35
314.52
315.23
314.91
316.12
316.0
315.3
316.29
316.1
315.79
316.07
316.08
314.86
315.78
315.81
316.08
314.97
315.99
315.5
315.48
315.59
315.47
315.69
315.02
315.41
314.94
315.59
315.28
315.76
315.08
315.56
314.65
314.51
313.89
313.49
314.35
313.99
313.67
314.05
313.66
314.36
314.74
314.96
314.91
315.44
315.32
315.65
315.33
315.1
315.67
315.39
314.79
315.9
315.4
315.55
315.01
315.45
314.94
315.75
315.61
315.4
315.85
315.88
315.74
316.2
316.1
315.86
315.81
316.05
316.33
316.22
316.11
315.43
316.27
314.69
315.38
315.1
315.4
315.58
315.84
315.3
314.92
314.82
315.18
315.53
315.2
315.11
316.0
314.61
315.53
315.54
314.71
314.95
315.14
315.17
315.75
315.88
315.11
315.49
316.06
316.08
315.92
314.47
315.33
315.31
315.5
314.25
314.9
315.47
314.36
314.88
314.29
316.15
315.24
314.54
315.29
314.94
316.37
315.55
315.63
315.22
315.22
315.0
314.88
315.54
315.8
315.64
315.69
315.64
314.59
315.0
316.27
315.89
315.52
315.7
315.55
315.09
315.33
315.63
315.49
315.71
315.49
315.7
315.26
315.5
314.88
314.38
315.75
315.1
314.42
315.84
314.72
314.32
315.04
314.26
314.82
314.72
315.08
314.4
314.38
314.41
314.63
315.67
316.27
315.72
315.57
316.02
315.8
315.28
316.09
315.78
316.0
314.44
313.89
314.59
314.47
314.75
314.2
314.27
315.19
314.89
314.63
315.86
316.24
314.73
316.2
315.63
315.31
315.95
315.08
315.69
315.4
315.06
314.1
314.85
314.69
315.15
315.31
314.99
315.32
314.31
314.51
315.47
315.39
315.34
315.72
315.59
315.13
315.21
314.57
315.26
314.49
314.1
314.29
314.83
314.67
314.45
314.18
314.9
314.23
314.84
315.22
315.34
315.76
316.04
315.64
314.89
316.28
315.97
315.84
314.87
315.08
314.99
314.83
315.42
315.33
315.28
315.19
315.49
315.71
315.69
314.8
314.37
315.81
314.58
315.17
314.4
315.23
316.17
314.42
314.39
315.34
315.48
314.93
315.64
315.52
315.34
315.29
314.76
314.9
315.5
314.84
314.5
314.13
315.11
315.22
314.68
315.41
315.55
315.32
314.78
314.57
315.53
314.36
315.25
315.87
315.71
314.99
315.41
314.98
314.17
315.38
315.99
314.96
315.08
315.51
315.83
315.34
315.15
315.42
315.68
315.59
315.0
315.36
315.05
315.33
314.3
314.57
315.41
315.25
314.41
314.36
315.45
315.16
315.18
314.95
314.69
314.84
314.85
314.92
315.25
316.01
315.69
316.39
315.73
315.48
316.27
316.54
316.34
315.56
315.37
315.48
315.04
315.25
315.11
315.1
314.26
314.91
314.78
315.13
314.45
314.19
315.32
314.67
314.08
314.91
314.97
314.75
315.19
314.39
315.49
314.7
317.02
316.8
316.51
316.63
317.03
317.02
315.85
316.32
317.1
316.13
314.81
315.31
314.22
314.81
314.76
314.48
314.82
314.62
315.17
314.72
314.85
314.75
315.1
315.14
315.18
314.34
314.74
314.42
315.46
314.05
315.0
315.16
315.13
314.54
314.82
314.71
315.16
315.48
314.41
315.35
315.08
315.32
316.08
316.18
315.92
315.51
316.39
315.83
316.27
315.53
315.65
314.41
314.59
314.06
315.22
315.34
315.32
315.67
315.45
315.56
314.21
314.79
315.39
315.41
315.45
315.13
315.41
315.19
314.8
315.75
315.61
315.55
315.12
314.58
315.44
315.08
314.8
314.59
315.13
315.11
314.73
315.01
315.29
315.76
314.93
314.21
314.92
314.28
314.87
315.18
314.78
314.75
315.24
314.51
314.59
315.01
315.87
314.66
314.0
315.25
316.8
316.67
316.61
316.44
316.07
316.49
316.43
315.92
316.18
316.28
315.56
315.47
314.42
315.86
315.15
315.7
314.99
314.63
315.92
314.98
315.4
315.13
315.34
315.63
314.49
314.3
314.95
315.0
315.07
315.4
314.2
314.67
314.83
315.15
315.24
315.01
314.83
314.56
314.74
313.89
315.4
314.92
315.34
314.46
315.33
314.83
315.38
315.06
315.35
315.46
314.91
315.83
315.39
315.58
315.61
315.37
315.25
315.37
315.37
316.02
314.44
314.58
314.81
314.99
314.11
314.28
314.59
314.47
314.48
314.77
317.28
317.35
317.51
317.14
316.95
317.32
317.7
317.66
317.29
316.92
314.95
314.46
314.78
314.33
315.03
315.16
314.91
314.82
314.75
315.18
314.17
315.05
313.88
314.93
314.45
314.31
315.24
314.49
314.61
314.7
314.69
315.02
314.89
314.74
314.41
314.61
314.82
315.26
314.86
314.12
315.6
315.97
315.17
316.16
316.02
314.84
316.4
315.48
315.25
316.24
314.17
314.78
314.98
314.29
314.68
314.51
315.14
314.8
315.02
315.31
315.96
315.91
316.01
316.1
315.88
315.41
315.9
316.32
316.29
316.75
314.61
314.56
314.58
314.65
314.43
314.82
314.61
314.68
314.57
314.1
315.74
314.84
315.49
314.98
315.51
315.25
315.64
315.59
315.63
315.68
314.8
314.7
314.79
314.26
315.11
315.13
314.43
314.67
315.14
314.85
316.78
315.86
316.37
315.38
316.36
316.57
315.87
316.31
316.48
315.77
314.48
315.24
314.88
314.99
314.36
314.81
314.53
313.54
315.19
314.06
315.7
315.83
314.76
315.8
316.08
314.64
315.63
315.37
316.0
315.42
315.41
315.55
314.91
314.42
315.26
314.54
314.19
314.82
314.93
315.23
315.24
314.86
315.17
314.18
314.48
314.89
315.17
314.69
314.84
314.45
316.09
314.83
315.15
315.28
316.02
315.37
315.88
314.89
315.85
315.93
315.23
315.7
315.21
316.04
315.27
315.05
315.78
314.68
315.17
315.47
315.46
315.02
314.35
314.63
315.45
314.27
314.63
314.62
314.78
314.77
316.17
315.75
316.14
315.92
315.77
315.06
316.02
316.17
315.3
315.74
314.9
315.0
314.44
314.89
315.05
314.93
314.78
314.74
314.82
315.17
315.88
315.45
315.28
315.24
315.63
315.81
314.16
315.55
315.07
314.63
315.6
315.38
316.09
315.88
315.73
315.47
315.47
315.06
316.55
315.36
315.36
314.47
314.97
315.63
314.59
315.54
315.19
314.72
314.49
313.78
314.42
314.93
315.29
314.28
314.28
314.35
314.87
314.71
314.95
315.49
316.53
316.73
317.17
317.03
316.37
316.66
316.55
316.31
316.65
316.76
314.65
314.64
314.39
314.77
314.01
314.71
314.85
314.09
314.83
314.24
314.67
314.1
314.39
314.43
314.16
313.92
314.71
313.93
314.39
314.81
316.31
316.29
315.78
315.63
315.69
316.68
316.14
316.19
316.31
316.96
312.96
314.44
314.32
313.63
314.63
314.17
313.52
313.67
313.95
314.53
316.34
318.02
316.63
316.5
316.27
317.06
316.81
317.08
316.96
317.12
313.88
314.9
314.09
314.19
314.76
314.37
314.42
314.05
313.45
314.55
315.46
314.69
315.18
315.06
314.04
314.25
314.23
315.23
314.93
314.47
317.24
316.21
316.46
316.14
316.47
316.84
316.08
316.39
316.94
317.13
313.76
313.83
313.01
313.25
314.13
314.36
313.14
313.93
313.77
313.97
316.72
316.37
316.42
316.24
316.1
315.75
315.83
316.31
316.23
316.67
315.24
314.68
314.16
314.06
313.85
314.32
315.09
314.61
313.83
314.83
315.56
315.54
315.58
315.15
315.54
314.76
315.28
315.41
314.76
315.21
314.18
315.03
315.06
315.08
315.19
314.78
314.97
315.23
314.64
314.45
315.25
314.25
315.52
314.5
315.6
315.48
315.84
315.41
315.36
314.86
315.99
315.66
315.26
316.13
315.13
316.29
315.86
314.72
316.15
314.68
315.0
315.12
315.28
315.24
315.23
314.41
314.97
314.42
315.27
315.26
315.53
315.43
314.49
314.74
315.24
314.76
314.53
315.51
315.42
314.92
314.59
315.26
315.33
314.89
314.27
315.04
315.48
315.24
314.13
314.69
314.76
314.82
314.8
314.94
314.66
314.45
314.07
314.6
315.37
314.71
315.79
315.38
315.15
314.0
315.73
314.87
315.17
314.59
314.93
315.2
314.91
315.12
314.97
315.39
316.06
315.56
314.61
315.17
314.44
315.53
315.75
314.6
314.46
314.08
315.21
314.67
314.9
314.72
314.67
315.14
316.08
316.06
316.28
314.99
316.73
316.11
315.88
316.59
315.72
315.9
314.96
314.0
315.01
314.41
314.57
314.62
314.76
314.34
314.56
315.01
315.87
314.73
314.81
314.53
314.85
315.18
315.08
315.37
315.11
314.67
315.93
316.4
314.84
315.68
314.67
315.31
315.32
315.14
315.41
314.68
315.06
315.16
314.64
314.88
314.74
314.73
314.26
314.61
314.88
314.37
316.65
315.07
315.7
316.01
315.98
316.59
315.7
316.34
315.43
316.72
314.57
314.79
315.17
314.7
315.91
314.66
314.38
314.09
314.59
314.83
316.16
316.01
315.92
316.06
316.28
315.73
315.61
315.75
315.14
315.17
314.86
313.97
314.46
314.5
314.23
313.86
314.48
314.88
314.65
314.38
316.26
316.59
316.79
316.25
316.33
316.73
316.27
317.23
316.23
316.63
314.74
312.89
314.8
315.16
314.19
314.02
314.7
314.08
314.02
314.75
315.47
315.66
314.48
316.13
315.04
315.88
315.45
315.26
314.42
315.52
315.15
315.4
315.19
315.33
316.06
315.5
315.98
315.88
315.17
314.98
315.58
314.82
315.07
314.85
315.36
315.3
314.84
315.6
315.75
316.21
315.81
315.46
316.05
315.68
315.59
316.08
315.58
316.24
315.76
316.02
315.65
315.19
315.58
315.22
315.6
314.76
314.75
315.26
315.54
315.36
315.11
315.25
315.01
315.26
315.02
315.29
315.16
315.13
314.27
314.91
316.04
315.27
316.05
316.2
314.99
316.21
315.21
315.75
315.82
316.18
314.71
314.7
314.23
315.06
314.6
314.9
314.43
314.39
314.84
314.83
314.77
315.33
314.67
315.81
315.17
314.84
315.47
315.01
314.67
315.0
315.39
314.96
315.3
315.94
315.06
315.39
315.63
315.65
315.8
316.66
314.49
314.74
314.52
314.87
314.85
314.62
315.12
313.7
315.06
314.97
315.74
316.01
315.56
315.94
315.98
316.09
315.64
316.83
315.54
315.42
314.51
315.17
314.78
315.17
315.13
315.47
314.7
315.25
314.33
315.27
314.89
315.06
315.6
315.14
316.3
315.0
315.05
315.41
316.15
315.58
313.99
314.01
314.77
314.29
314.13
314.24
314.47
314.4
314.92
314.42
315.87
315.45
316.22
315.62
315.91
315.81
316.06
315.25
315.3
315.35
316.4
315.32
315.23
314.97
315.28
315.51
315.57
315.51
315.59
315.1
315.13
315.34
315.05
314.75
315.32
314.58
314.67
315.18
314.38
314.91
315.64
315.43
315.1
315.26
314.24
314.85
315.67
315.43
315.48
315.7
315.27
315.79
315.31
315.95
315.02
315.63
315.39
315.51
315.54
315.97
316.29
315.47
315.58
315.44
314.89
315.31
315.87
314.71
315.47
315.36
314.44
315.16
315.08
314.83
314.78
314.66
314.68
315.31
313.81
314.11
315.53
314.83
314.9
315.9
315.31
316.12
315.47
315.45
315.2
315.13
315.75
314.85
315.25
314.78
314.87
315.72
315.1
315.1
315.05
315.7
314.99
315.09
315.48
315.76
315.21
316.17
315.28
315.41
316.01
315.34
315.83
313.45
316.0
314.56
315.03
314.83
314.85
314.46
315.22
315.67
315.18
315.8
315.91
314.93
315.64
315.62
314.98
315.31
315.39
315.49
315.04
314.5
315.32
314.7
314.45
315.56
315.46
314.44
315.48
314.89
314.38
314.96
315.43
315.47
314.44
314.98
314.48
315.28
315.37
316.14
315.79
314.75
314.39
315.19
315.24
315.29
314.52
315.11
314.57
315.87
314.6
314.59
314.91
314.55
314.38
315.39
314.93
314.36
314.45
314.78
315.89
314.22
315.26
314.67
315.7
315.5
314.34
315.49
315.06
314.91
315.47
314.97
315.21
315.6
315.59
315.12
314.32
315.02
314.9
315.27
314.9
314.89
315.55
315.59
315.83
315.28
315.67
315.6
314.62
315.48
315.64
314.65
315.36
315.45
314.52
315.54
314.38
315.24
314.23
314.64
316.18
315.58
316.06
315.38
315.22
314.99
315.77
315.02
315.76
315.37
314.52
314.94
314.21
314.81
314.15
314.22
314.88
314.63
314.09
314.85
315.03
315.59
315.54
315.07
315.22
314.92
315.56
314.74
315.23
315.66
315.34
314.78
314.59
315.66
314.31
315.91
315.2
315.65
315.62
315.14
315.29
314.99
315.34
315.24
315.46
314.13
315.35
314.81
314.8
314.69
315.49
315.87
315.06
315.5
315.36
316.04
314.59
315.6
315.5
315.61
314.42
315.07
314.26
315.06
313.78
315.06
314.59
314.44
314.94
314.47
316.18
315.98
316.01
315.52
315.71
315.97
316.08
316.2
315.95
315.88
314.14
314.05
314.07
314.62
314.54
314.96
314.34
314.38
315.07
314.88
315.85
315.41
315.69
316.27
315.65
315.62
315.35
316.03
315.75
315.6
315.16
314.8
314.92
314.93
314.48
315.15
314.81
314.43
315.34
314.37
315.33
315.33
315.23
314.89
314.66
315.47
314.67
314.84
313.62
315.0
316.9
315.83
315.76
315.64
316.77
315.9
315.15
317.14
314.83
316.51
314.95
315.55
314.81
315.17
314.33
315.02
314.32
315.29
315.07
314.4
314.76
314.35
315.17
314.88
315.01
315.22
314.81
314.83
315.36
314.63
315.48
316.05
316.86
316.09
315.5
315.41
315.69
315.69
315.97
315.85
315.04
315.77
315.21
315.48
314.92
314.44
315.06
314.72
314.77
314.7
315.7
315.67
315.68
315.32
315.54
314.95
315.59
315.1
315.62
314.96
315.38
314.47
314.63
315.02
314.48
315.19
314.71
315.29
315.04
313.78
316.19
315.47
315.77
315.73
316.3
315.67
315.84
316.19
316.15
316.62
314.59
314.75
315.01
314.58
314.86
314.84
314.52
315.02
314.56
314.9
315.42
316.49
315.61
315.88
315.54
316.6
315.4
315.6
315.89
316.19
314.79
315.46
315.5
314.89
315.77
314.66
315.11
314.72
314.27
315.55
316.06
315.17
314.87
315.54
314.91
314.04
315.13
315.46
314.82
314.87
315.48
315.35
314.65
315.51
315.3
314.61
315.85
315.51
315.12
315.59
314.33
314.55
315.36
315.37
314.96
314.49
315.15
314.25
314.82
314.94
315.0
315.54
314.94
316.06
314.81
315.97
315.25
314.54
314.87
315.57
315.27
314.21
316.39
315.62
315.75
316.2
315.84
316.43
315.76
315.58
315.01
315.15
314.47
315.06
315.05
314.05
314.61
314.87
315.06
315.3
315.27
315.61
316.08
315.16
315.61
315.18
315.69
314.98
315.18
315.17
316.32
315.11
315.2
314.48
314.83
315.93
315.4
314.19
314.51
315.33
315.63
315.32
315.29
314.98
314.45
315.32
315.29
315.88
315.43
314.27
315.87
315.28
315.2
314.96
315.67
315.13
314.96
316.09
314.44
315.1
314.81
314.01
315.0
314.64
315.22
315.21
314.76
315.51
315.31
314.66
314.43
315.55
315.91
315.47
315.13
315.83
315.42
315.81
315.29
315.28
316.07
314.54
315.75
315.45
315.37
315.56
316.05
315.57
315.03
314.41
315.43
315.45
315.5
315.58
315.23
315.87
315.83
316.31
315.82
314.96
315.92
315.41
315.26
315.87
315.41
315.38
315.65
314.74
315.13
316.12
315.11
314.96
315.47
314.91
314.76
315.23
314.55
314.6
314.66
314.7
315.65
315.32
314.99
315.6
314.67
315.37
314.99
315.13
315.19
314.97
314.94
315.29
315.13
315.23
314.83
315.26
315.7
315.86
315.64
315.05
314.76
315.1
314.81
315.36
315.1
315.37
315.28
315.26
314.89
314.97
315.06
315.24
315.2
315.6
316.01
314.91
315.31
315.91
315.09
315.54
315.25
314.79
315.26
315.33
314.85
314.43
314.49
315.22
314.92
315.06
315.28
314.96
315.78
315.17
315.5
315.66
315.12
315.86
314.8
315.58
315.56
314.57
315.64
314.65
314.85
315.06
314.92
315.64
314.26
315.07
315.94
315.23
315.52
314.65
314.69
315.53
316.13
315.6
315.45
315.43
315.36
314.63
314.13
314.44
314.92
313.96
314.03
314.3
314.38
315.39
316.37
315.62
315.09
315.61
315.41
314.81
315.43
315.38
314.72
316.14
314.88
315.12
315.57
315.34
315.16
314.66
315.53
314.94
315.73
315.59
316.15
314.5
315.54
315.17
315.08
315.64
315.53
315.19
315.11
315.66
315.47
314.43
314.77
315.62
315.24
314.92
315.51
314.96
315.29
315.09
315.97
315.67
314.92
315.31
315.29
315.69
315.1
315.83
315.53
314.84
315.14
315.6
315.28
314.99
315.3
315.48
314.85
314.35
314.34
315.4
315.07
315.38
315.53
315.29
314.65
315.16
315.91
315.35
315.57
315.18
314.87
314.62
315.53
315.5
315.5
314.3
314.38
315.34
315.17
314.94
316.41
315.43
315.57
314.79
315.4
316.07
314.68
315.09
315.53
315.03
315.32
314.31
315.54
314.56
315.54
314.35
315.05
315.2
314.68
314.61
315.32
315.75
314.7
314.94
314.89
315.64
315.12
315.21
315.36
315.31
315.18
315.04
315.32
316.2
314.44
315.89
314.77
315.0
315.61
315.01
314.93
315.0
315.06
315.02
314.39
315.23
315.27
315.68
316.04
315.82
315.41
315.45
315.54
315.49
315.74
316.12
315.92
315.02
315.83
315.02
314.57
315.36
314.23
315.05
314.8
315.07
314.94
314.42
315.63
314.37
315.23
315.0
315.41
315.36
315.04
315.28
314.91
315.61
315.45
315.01
315.79
315.6
315.44
315.4
315.72
315.49
315.49
315.7
316.18
315.92
314.45
314.61
314.84
314.71
314.35
314.7
314.68
314.5
315.27
314.63
315.76
315.56
315.65
315.91
315.74
315.2
314.96
314.42
315.12
315.55
315.04
314.24
314.75
315.2
314.96
316.09
314.97
315.36
314.55
314.83
315.82
315.1
315.16
315.13
316.44
315.49
315.6
315.98
315.62
316.3
314.05
314.44
313.74
314.29
314.11
313.96
314.18
314.0
314.38
313.73
316.23
316.07
315.69
315.84
316.5
315.79
315.36
316.34
315.61
315.6
315.06
315.0
314.76
314.57
315.88
314.46
314.75
314.72
314.48
315.32
316.03
314.98
315.75
315.55
315.86
315.57
315.9
316.2
315.62
316.15
315.01
314.6
315.2
316.04
314.54
315.56
315.27
315.03
315.35
315.07
315.84
314.95
314.78
315.74
314.89
314.73
315.53
315.13
315.0
316.28
315.07
315.06
314.37
314.23
314.9
315.02
314.26
313.93
315.33
315.25
315.52
315.55
315.67
314.48
315.55
315.72
315.06
315.57
315.18
315.51
314.75
315.87
314.34
315.5
315.02
315.29
316.1
315.19
315.08
314.48
316.04
315.16
314.91
314.98
314.83
315.68
315.0
314.93
314.71
314.99
314.95
315.07
314.93
315.55
315.37
315.06
314.49
315.31
316.05
315.47
314.51
313.94
315.05
314.71
315.25
314.95
315.42
314.75
314.96
313.94
316.32
316.18
315.54
315.69
315.79
315.69
315.56
315.97
315.77
315.81
315.21
314.57
314.99
315.24
314.52
314.7
314.65
314.84
315.08
314.67
316.8
315.38
315.42
315.38
314.92
314.68
315.65
315.23
315.26
314.57
315.15
315.49
315.58
316.15
315.33
315.74
315.05
315.18
315.84
315.58
315.36
314.73
315.01
315.08
314.88
315.25
315.08
314.77
315.1
314.71
315.41
314.98
315.65
315.58
315.57
314.63
314.49
315.27
315.27
314.56
315.34
315.22
315.13
315.75
315.19
315.4
315.15
315.46
316.14
315.24
314.95
315.55
315.86
315.35
314.57
315.17
314.58
314.39
314.79
315.23
315.93
315.29
316.2
315.88
315.32
315.64
315.58
315.9
315.75
315.92
313.79
313.98
314.99
313.75
314.05
313.47
314.01
314.47
314.33
313.94
315.99
315.92
315.96
315.42
315.74
315.61
315.61
316.21
315.34
315.39
315.57
316.23
315.88
315.32
315.73
315.4
315.1
315.75
315.48
315.9
314.94
314.92
314.28
314.69
314.9
313.87
314.35
313.86
315.3
313.8
315.44
315.28
315.7
316.67
315.58
314.86
315.0
315.33
316.0
315.76
314.55
315.01
314.61
314.04
314.33
314.64
314.66
314.88
315.4
314.49
315.57
315.23
314.65
315.82
315.23
315.04
315.61
314.73
315.24
314.73
313.89
314.91
315.59
315.41
314.56
314.82
315.76
314.02
315.15
314.53
315.55
314.76
314.72
315.24
315.31
314.86
314.53
315.57
314.78
315.46
316.0
314.79
315.4
316.19
315.44
314.84
315.15
314.74
315.59
315.59
315.2
314.95
315.0
316.06
314.83
315.13
314.94
315.04
315.26
314.8
315.6
315.35
316.09
315.31
314.68
314.91
315.6
314.98
315.44
314.96
314.89
314.91
315.21
314.78
314.88
315.13
315.47
315.43
315.17
315.1
315.38
315.24
315.03
314.99
315.25
315.21
315.5
314.71
315.99
314.83
315.24
314.65
315.4
314.63
315.18
314.82
314.8
314.76
315.34
315.24
315.1
315.4
315.52
315.72
315.65
315.12
314.71
315.46
315.34
316.27
314.47
315.06
314.49
314.63
314.63
314.32
314.59
314.71
315.33
314.4
315.75
315.84
314.6
315.31
315.98
315.44
315.23
315.74
315.58
315.4
315.87
315.86
315.31
314.67
315.92
315.06
315.41
315.16
316.95
314.86
315.45
315.35
315.61
315.12
314.41
314.95
315.05
315.44
315.4
316.06
315.47
315.39
314.5
314.67
314.93
315.21
314.9
314.93
315.47
315.86
314.53
315.32
314.74
316.03
315.08
315.49
315.22
315.34
314.56
315.25
315.16
314.03
315.06
315.17
314.74
315.05
315.01
313.58
314.49
314.43
314.65
315.08
315.51
314.52
314.59
314.94
314.87
315.09
315.03
314.81
315.24
316.04
315.95
316.12
316.56
314.5
315.46
315.34
315.06
315.46
315.42
315.55
316.18
315.63
314.66
315.0
316.24
315.51
314.88
315.71
314.95
314.65
315.62
314.86
315.35
314.82
315.5
315.0
315.0
314.88
316.19
316.09
315.1
315.59
316.97
315.33
316.41
315.73
316.44
316.24
314.85
313.87
314.31
315.0
314.25
314.58
314.57
313.82
314.55
314.22
315.88
316.08
316.17
316.22
315.74
315.88
316.1
315.64
315.72
316.1
315.49
316.19
314.92
315.11
315.22
315.77
315.16
314.67
315.02
315.95
314.95
315.32
314.83
315.21
314.12
314.31
315.3
314.59
314.9
314.77
315.65
315.5
316.1
315.28
315.24
315.96
315.92
316.43
316.17
316.11
314.93
314.77
315.05
315.31
314.7
315.19
314.79
314.82
314.68
315.24
315.26
315.04
315.36
316.12
315.53
315.86
315.61
315.44
314.77
315.94
314.44
314.59
315.55
314.34
314.85
315.22
315.07
314.67
314.96
315.53
314.62
314.19
314.86
314.47
314.62
314.96
314.67
314.88
315.06
315.14
315.01
315.94
315.2
315.38
315.39
315.7
315.0
315.56
314.2
315.1
315.71
315.32
315.32
316.06
315.26
316.36
315.47
315.87
315.38
315.78
314.36
314.83
314.83
315.07
314.92
315.05
314.86
314.8
314.6
314.42
314.91
314.6
314.56
315.3
314.63
314.37
314.93
314.68
314.64
315.18
316.52
316.05
315.71
316.26
316.59
315.69
315.61
316.38
315.33
315.77
315.15
314.63
314.33
314.34
314.54
315.05
314.56
314.06
314.89
314.98
315.83
315.78
316.52
315.55
316.52
316.39
315.63
316.15
316.26
315.71
314.95
314.36
315.21
314.9
314.94
314.62
314.76
314.37
314.68
315.47
314.03
315.29
314.73
314.44
315.2
315.3
315.05
315.4
315.26
315.42
315.77
315.44
316.2
315.98
315.12
315.83
314.74
315.65
315.28
315.23
315.31
314.54
314.86
314.69
314.27
314.46
315.03
314.7
314.72
314.32
315.68
315.23
314.86
315.51
315.38
314.1
314.39
314.93
314.71
314.55
315.49
314.84
315.6
315.04
314.52
315.23
315.07
314.81
315.68
314.8
315.69
315.66
315.59
315.21
315.35
315.3
315.23
315.89
316.5
316.78
314.38
315.43
314.35
313.74
314.33
314.87
315.14
314.76
314.62
314.43
315.53
315.9
316.03
315.73
316.06
315.6
315.32
315.78
315.33
315.69
315.4
314.52
314.99
314.17
314.76
315.52
315.08
315.68
314.16
314.14
314.47
314.98
315.84
315.51
314.54
315.04
315.01
314.98
315.63
314.88
315.45
315.53
316.15
315.84
315.2
315.78
315.55
316.26
316.28
315.36
313.98
315.01
314.96
314.67
313.85
314.76
314.54
313.96
314.85
314.29
315.65
315.38
315.52
315.8
315.95
316.24
315.84
315.78
315.81
315.49
314.84
314.99
314.63
314.42
314.76
315.09
314.59
314.37
315.1
314.02
315.42
315.23
315.81
315.15
314.62
315.04
315.75
315.27
314.73
314.84
315.05
314.62
316.33
315.06
315.14
314.61
315.59
315.2
315.26
314.9
315.98
315.03
316.56
315.11
314.28
314.61
314.44
315.21
315.4
315.96
314.66
315.3
315.39
315.12
315.52
315.04
314.89
314.85
315.34
314.34
315.22
315.54
315.94
315.27
314.86
315.49
315.06
315.41
315.23
315.59
314.43
314.46
314.41
314.73
315.04
314.15
314.55
315.23
315.05
313.98
317.12
316.57
316.57
316.28
316.92
315.94
316.83
316.87
316.16
317.34
314.87
315.15
314.32
314.75
314.75
314.53
314.42
314.07
313.96
314.59
314.28
314.54
314.13
313.58
315.27
314.22
315.04
314.67
314.3
314.76
316.25
315.92
315.2
315.93
315.28
315.95
316.29
314.94
315.72
316.06
315.17
314.47
314.35
315.19
313.95
314.97
315.37
314.08
313.88
314.7
314.81
314.51
315.04
316.3
315.78
316.57
314.82
315.5
315.33
314.69
314.74
315.34
314.93
314.57
314.97
315.29
314.34
313.83
314.96
314.71
315.88
316.31
315.3
316.37
315.76
315.28
315.55
315.34
315.71
316.55
314.91
314.19
314.43
314.93
314.58
315.04
315.14
314.59
314.52
314.88
315.62
315.21
315.62
316.32
315.55
315.13
316.08
315.84
315.75
315.65
315.48
314.79
314.81
314.59
315.08
314.38
315.03
314.94
314.68
315.06
315.21
315.98
315.54
315.51
315.09
316.38
315.67
316.22
315.87
315.52
314.57
314.67
314.87
314.8
315.47
315.31
314.59
315.04
315.02
314.73
315.68
316.21
315.52
315.31
315.94
314.79
315.41
314.74
315.02
315.18
315.03
315.58
315.69
314.84
315.06
315.48
315.18
315.55
315.64
315.05
314.99
315.26
315.43
314.68
315.0
315.56
315.21
315.86
315.19
315.99
314.87
315.43
314.84
315.4
314.96
315.84
315.14
315.93
314.98
315.25
315.42
314.4
315.38
315.66
315.89
315.08
315.4
315.99
316.05
315.74
316.4
316.09
316.41
316.02
315.6
316.35
315.79
315.56
315.31
314.99
314.22
314.49
314.92
314.36
315.2
314.1
314.5
314.74
314.7
314.36
314.71
314.21
314.33
314.84
315.08
314.47
314.22
314.52
314.39
314.28
315.89
316.1
316.33
316.14
315.63
316.25
315.98
316.14
316.24
316.28
314.16
314.39
314.77
314.04
314.34
314.3
314.7
314.04
314.24
314.05
315.23
314.87
315.33
314.94
315.57
314.23
314.2
314.3
314.96
315.13
316.28
315.91
316.92
316.15
315.88
316.5
316.51
316.35
316.03
316.76
314.13
314.53
313.96
314.13
314.38
314.79
314.19
314.26
314.13
314.44
316.26
315.04
315.88
316.31
315.5
315.93
315.4
315.87
315.91
315.66
315.16
314.84
315.3
315.87
315.79
314.98
315.34
315.29
315.29
315.56
315.1
315.61
314.7
314.51
314.97
315.22
315.26
314.88
314.02
314.87
315.54
315.2
315.41
315.52
315.24
316.06
315.48
315.52
316.42
315.63
315.51
315.5
315.91
315.79
315.0
315.54
316.38
315.65
315.91
316.04
314.26
314.18
314.38
314.89
314.35
314.08
315.41
313.94
314.88
315.28
315.26
315.18
315.06
314.86
315.57
315.6
315.19
314.82
314.86
315.75
314.47
314.61
314.88
314.5
315.28
315.55
314.34
314.78
314.84
314.61
315.76
315.51
315.41
315.54
316.27
316.11
315.73
315.81
315.91
316.27
314.89
315.9
315.8
313.42
314.95
314.5
314.42
314.34
314.54
314.43
315.69
315.44
315.91
315.31
315.28
315.82
315.34
315.79
315.8
315.69
315.42
315.39
314.97
315.74
315.02
315.46
315.13
315.23
315.57
315.58
314.99
315.21
315.19
314.82
314.91
315.64
315.76
315.32
315.28
315.03
315.57
315.21
315.42
314.99
315.48
315.21
315.28
315.8
315.62
315.46
314.52
315.56
315.31
315.31
315.45
315.86
315.92
314.84
315.19
315.63
315.14
314.82
315.27
315.23
315.55
314.42
315.64
315.46
314.77
314.85
315.68
315.84
315.55
315.93
315.58
315.53
315.36
315.63
315.39
315.28
315.18
315.09
314.22
314.85
314.59
314.53
314.81
314.62
314.68
315.23
315.09
314.76
314.88
315.28
314.88
314.49
314.41
313.99
314.56
314.61
315.87
315.91
316.72
316.76
316.51
316.51
317.23
316.49
316.26
316.25
315.05
314.6
314.62
313.97
314.3
314.61
315.16
314.5
313.67
313.93
315.79
316.23
316.2
315.02
315.7
315.66
315.56
315.46
316.12
315.31
314.0
314.49
313.83
314.56
314.09
314.59
314.64
314.27
314.21
314.2
315.97
315.66
315.76
316.29
315.63
316.28
315.46
315.63
315.32
316.15
314.68
314.29
314.4
315.08
313.68
314.07
314.82
315.16
313.34
314.41
317.21
316.49
317.18
316.12
316.78
316.85
316.78
316.63
317.16
316.63
313.76
314.14
314.34
313.9
314.21
313.89
313.96
313.9
313.7
314.44
316.11
315.92
316.51
316.3
316.62
316.34
316.63
316.6
316.22
315.92
314.76
314.66
314.42
314.93
314.78
314.48
314.48
314.05
314.49
314.16
314.97
314.23
314.35
315.28
315.08
315.13
314.47
314.39
314.57
314.51
315.09
315.76
316.46
316.15
315.53
315.06
315.68
315.49
315.1
315.33
314.53
315.14
314.65
314.68
314.65
314.55
314.95
314.41
314.45
314.42
315.9
315.73
315.84
315.84
315.71
316.17
315.49
315.7
315.59
315.37
314.8
313.89
314.37
313.96
314.27
314.12
314.67
314.47
314.67
314.28
317.06
316.34
316.65
315.96
316.42
316.06
316.47
316.31
315.83
316.17
314.17
314.13
313.78
314.33
314.12
314.68
314.46
313.69
313.93
314.72
316.61
316.33
316.45
315.98
315.91
316.85
317.06
316.13
316.04
316.56
314.38
314.26
314.05
314.74
314.47
314.33
314.99
313.99
313.99
313.65
315.99
316.49
316.06
316.18
316.33
316.57
316.49
315.78
316.58
316.01
314.79
314.2
314.64
314.3
314.2
314.16
314.32
314.31
314.6
315.05
315.7
316.3
315.24
315.97
316.04
315.96
315.05
315.82
315.22
315.9
314.73
314.15
314.13
314.67
314.23
314.02
314.52
313.88
313.5
314.37
316.52
316.27
316.58
317.18
315.94
316.54
316.87
316.82
316.33
316.37
314.41
314.39
313.7
313.95
314.05
313.59
314.29
314.36
313.73
314.44
316.69
316.56
317.0
316.36
316.98
316.83
317.03
316.23
316.5
317.11
314.65
314.09
313.92
313.83
313.95
314.23
314.57
314.6
313.61
313.76
314.74
314.98
315.08
315.23
314.39
315.24
314.45
315.13
315.51
315.04
315.88
315.53
315.23
315.01
315.32
315.4
315.73
315.14
314.87
315.34
315.33
314.55
314.17
314.85
314.69
314.51
314.33
315.12
315.61
315.12
315.5
315.68
315.43
314.85
315.32
315.94
315.31
315.28
315.77
316.02
315.27
315.42
315.57
315.62
315.08
315.72
315.93
315.27
315.59
315.59
315.01
315.07
315.18
315.91
314.87
315.22
315.09
314.84
314.8
314.94
314.66
314.45
314.72
314.74
314.44
314.55
314.73
314.13
314.8
314.44
314.84
315.11
314.89
314.65
315.05
315.44
314.89
315.21
314.58
314.96
315.98
315.19
315.22
315.26
315.02
315.42
315.4
315.27
315.52
315.58
315.44
315.74
314.95
315.72
314.48
315.54
315.5
315.44
314.63
315.26
315.71
315.58
314.94
316.62
314.8
315.29
315.1
315.16
315.42
314.87
315.15
315.05
314.83
316.07
315.8
314.21
315.4
316.21
314.99
314.74
315.35
314.75
315.58
315.25
314.21
314.16
315.11
314.21
313.91
314.24
316.09
315.73
315.97
314.81
315.71
315.88
315.53
315.62
316.51
315.61
314.92
314.88
314.88
315.26
315.11
314.44
315.56
314.59
314.32
315.42
315.36
316.03
314.72
315.78
316.39
315.4
315.32
315.43
315.3
315.38
315.82
315.57
314.97
315.68
314.76
315.9
314.87
315.71
315.82
315.02
315.0
314.55
314.36
314.71
314.69
314.7
313.9
315.39
315.11
315.15
316.69
315.71
315.47
316.12
315.87
315.89
316.34
316.48
315.02
315.34
315.41
315.22
314.84
314.44
314.12
314.94
314.59
315.28
315.15
314.15
316.1
315.95
315.37
315.72
315.68
316.19
315.64
316.04
315.29
315.96
314.3
314.86
315.19
314.8
315.24
315.0
315.12
314.85
314.92
315.13
314.95
314.56
314.89
315.06
315.52
315.36
314.94
315.2
315.06
315.19
316.1
316.61
315.88
315.25
316.23
316.03
315.72
315.61
316.64
315.74
314.08
314.66
314.41
314.03
314.53
314.64
313.8
314.19
313.94
314.11
316.81
317.19
316.86
316.61
316.61
316.76
317.05
317.38
316.42
316.72
314.5
314.1
314.1
314.69
314.0
314.62
314.21
314.11
313.74
314.68
314.23
315.12
315.23
314.16
314.67
315.08
315.23
315.15
315.02
314.89
316.39
316.87
316.43
316.13
316.63
317.08
316.67
316.97
315.51
316.1
314.28
314.88
313.85
314.01
314.46
315.05
314.13
314.09
314.74
314.6
315.87
316.92
316.03
316.36
316.66
315.54
315.65
315.89
315.52
316.39
314.86
314.47
314.94
314.44
314.74
314.52
314.81
314.78
313.81
314.41
314.32
314.81
314.93
314.25
315.32
314.72
315.17
313.97
314.56
314.78
315.7
315.26
315.23
315.89
316.02
315.43
315.41
315.95
315.85
315.74
315.85
314.49
314.57
314.92
315.45
315.02
315.03
315.04
315.32
314.6
314.69
315.24
315.09
315.48
315.25
314.61
314.92
314.63
314.47
315.34
314.62
315.74
314.73
315.03
315.04
315.02
314.93
315.08
314.59
315.23
315.03
314.42
314.74
315.24
314.53
314.32
314.84
314.98
314.42
314.53
315.52
315.89
315.47
315.33
316.39
315.4
315.73
315.41
316.12
316.01
314.97
314.84
314.86
315.22
314.82
313.74
315.29
314.63
314.24
315.07
315.68
315.84
315.32
315.02
315.83
315.43
315.5
314.95
315.97
315.04
315.53
315.54
314.9
314.93
315.21
315.28
315.85
315.51
315.41
314.7
315.52
315.54
316.62
315.65
315.15
315.78
315.72
316.0
315.35
315.73
314.91
315.32
314.77
314.61
314.43
314.93
314.48
314.91
314.52
315.04
315.42
315.21
315.63
315.06
315.44
315.38
314.71
315.68
315.42
315.17
315.29
314.67
314.97
314.92
315.02
315.36
314.9
315.15
315.25
314.94
315.38
314.39
315.29
315.71
315.42
315.79
315.09
315.37
315.55
315.63
315.17
315.86
315.53
315.85
315.56
314.43
315.21
315.66
315.7
315.6
314.43
315.01
315.86
314.83
314.75
315.64
315.78
315.24
315.43
315.38
315.59
316.5
315.96
316.03
315.55
315.62
315.82
315.93
315.18
315.57
314.08
315.16
314.31
315.2
314.81
314.93
315.19
314.86
315.02
315.08
315.16
314.96
315.71
315.08
314.91
315.66
315.34
315.73
315.4
317.05
315.3
315.63
315.02
315.04
315.67
315.31
314.94
315.42
315.23
315.22
314.83
314.64
314.92
314.13
314.82
314.99
313.99
313.88
314.74
315.8
315.66
315.19
316.24
315.74
315.12
315.55
315.43
315.23
316.09
315.61
315.58
314.7
315.14
314.83
315.1
314.58
314.19
314.17
314.35
314.48
315.7
315.57
315.21
315.61
314.91
315.63
316.04
315.39
315.41
314.69
314.53
315.26
315.31
315.17
314.71
315.54
315.71
315.41
314.58
314.88
315.76
315.48
314.85
315.01
316.07
315.53
315.89
315.58
315.36
315.83
314.52
315.03
314.4
314.5
314.86
314.88
315.27
314.45
315.02
313.91
315.48
314.48
314.07
314.75
315.01
314.75
314.76
315.31
314.31
314.67
315.69
315.28
315.49
315.77
316.35
316.15
315.99
315.22
315.09
316.44
315.1
314.07
314.83
315.09
314.75
314.04
314.66
314.42
314.85
315.01
315.64
316.35
315.45
315.08
315.46
315.32
316.16
316.12
315.46
315.89
314.34
314.92
315.84
315.16
315.2
314.96
314.13
314.77
315.06
315.17
315.29
315.02
315.36
315.62
315.0
315.91
314.89
315.75
314.92
315.05
314.24
314.83
314.67
313.65
315.03
314.36
314.27
314.88
313.73
314.59
316.62
316.57
316.99
316.32
316.55
315.84
316.6
316.31
316.54
315.9
313.97
314.43
314.21
314.49
314.69
314.02
314.27
314.67
314.58
313.62
315.97
314.89
315.59
315.39
315.28
314.79
316.11
315.71
314.96
314.95
315.34
316.32
315.82
315.19
315.21
315.41
315.64
315.16
315.94
315.34
315.53
315.03
314.7
314.57
315.09
315.25
314.97
314.71
314.5
314.92
315.28
315.37
315.21
314.7
315.1
315.17
315.32
314.79
314.77
315.39
315.66
315.94
315.64
315.87
315.84
315.83
315.67
315.89
316.55
316.15
314.16
314.95
314.57
314.57
314.59
314.11
314.16
314.04
314.68
314.92
316.59
315.76
316.1
316.16
316.54
315.46
315.6
315.95
315.77
316.23
314.46
314.76
314.55
314.25
314.31
314.67
314.7
314.51
314.63
314.69
315.62
315.46
315.33
315.97
316.24
315.5
315.66
315.94
316.06
315.52
314.52
315.03
314.65
315.26
314.87
315.17
315.03
314.65
315.22
315.02
314.75
315.29
315.44
314.58
314.84
315.01
314.42
314.61
314.56
315.22
317.04
315.67
316.05
316.7
315.68
316.75
315.48
316.59
316.07
316.33
314.43
315.25
314.88
314.73
314.57
314.66
314.33
313.08
313.75
314.54
316.12
315.37
316.12
315.88
315.2
315.65
315.6
315.12
316.08
315.52
314.6
315.01
315.5
314.72
314.46
314.27
314.22
314.68
314.33
314.16
315.55
314.98
314.79
314.82
314.95
315.09
315.08
315.54
315.81
315.41
314.73
315.0
314.96
315.53
315.8
315.17
316.06
315.06
315.33
315.12
315.25
314.94
315.38
315.07
314.55
315.08
315.22
314.86
315.11
314.9
315.62
315.4
315.49
315.43
315.79
316.13
315.44
315.34
315.79
315.51
314.65
315.19
314.57
314.45
314.56
314.47
314.35
314.23
314.84
314.75
315.05
314.85
315.21
315.33
315.37
315.43
314.84
315.25
315.33
315.34
315.45
314.98
315.2
314.99
314.9
315.31
315.71
315.25
314.82
314.54
315.26
314.95
314.39
315.16
314.87
314.64
314.98
315.9
315.07
315.16
315.38
315.5
315.58
316.39
315.31
316.09
315.75
315.7
315.61
315.54
314.49
314.67
314.56
315.26
315.11
314.45
314.37
314.52
314.76
315.39
315.21
315.21
316.0
315.76
314.77
315.24
315.22
315.33
315.92
315.42
314.81
315.19
314.82
315.64
315.74
315.4
315.02
315.62
314.85
314.59
316.21
315.75
315.51
316.2
315.43
315.49
315.95
316.36
315.17
315.81
314.76
314.59
314.94
314.84
314.71
314.2
314.08
313.94
314.66
314.11
316.2
315.7
316.15
316.29
315.85
316.32
315.6
316.6
316.13
316.28
314.04
314.19
313.81
313.47
313.67
313.53
314.16
314.15
313.95
314.45
315.79
315.53
315.92
315.84
316.26
316.05
315.41
316.17
315.9
315.77
313.99
314.59
314.29
314.69
314.24
314.21
314.03
314.13
314.16
314.85
316.19
315.96
316.12
316.47
315.9
316.46
316.04
315.32
315.78
316.06
315.02
314.28
314.81
314.59
315.0
314.67
315.33
314.02
314.38
314.64
315.92
315.12
315.25
315.83
315.58
315.24
315.6
315.97
315.71
315.44
315.48
315.36
314.55
314.95
315.86
315.19
314.37
315.25
314.52
314.46
315.29
315.28
315.45
315.28
314.27
314.9
315.12
315.36
315.15
314.25
314.94
314.93
315.01
315.34
314.92
315.14
315.47
315.27
315.11
315.28
314.66
314.82
315.02
315.68
314.73
314.63
314.49
315.14
314.56
314.9
315.31
315.09
315.18
315.19
315.1
315.17
315.19
315.47
315.26
315.16
315.73
315.14
315.41
316.17
315.31
314.82
316.59
315.01
315.51
315.8
315.01
315.17
314.5
314.86
314.71
314.46
314.44
315.31
315.24
314.32
315.1
314.92
315.59
315.7
315.56
314.83
315.15
315.14
315.17
315.61
315.03
315.09
314.9
315.41
315.32
315.77
315.08
315.05
315.41
314.71
315.97
316.0
315.33
315.34
315.02
315.21
315.46
315.1
315.34
314.84
315.56
314.67
315.03
314.85
315.06
315.0
315.53
314.69
314.68
315.65
315.64
315.49
316.24
315.9
315.44
315.26
315.64
316.15
316.05
315.99
314.6
314.47
314.35
314.7
314.96
314.66
314.72
314.22
314.51
314.88
315.94
315.59
315.6
315.78
315.44
315.71
315.54
315.72
316.03
315.96
314.51
313.97
314.56
314.55
314.2
314.35
314.73
314.09
314.48
313.84
315.98
316.47
317.0
316.47
316.52
316.18
316.16
316.61
316.07
316.2
313.8
313.82
314.87
314.51
314.25
314.99
314.69
314.41
314.28
315.07
315.71
315.9
316.02
316.12
316.11
316.16
316.56
315.68
315.22
315.88
314.97
315.11
315.16
314.56
314.4
314.55
315.26
315.16
315.53
315.62
314.52
315.28
315.08
315.01
314.58
315.15
315.31
315.18
315.28
314.33
314.6
315.59
314.82
314.29
315.61
314.49
314.83
314.69
315.2
314.81
315.02
314.97
315.5
315.04
314.97
314.57
315.11
315.66
314.54
314.88
315.47
315.3
315.43
315.37
315.09
315.47
315.44
314.44
316.45
315.0
315.19
315.69
314.96
315.53
315.38
315.68
314.94
315.63
315.16
314.97
315.42
315.29
315.33
315.29
315.59
315.66
315.53
314.98
315.37
315.23
315.17
315.3
315.35
314.97
315.18
314.7
315.56
315.14
315.12
314.99
315.61
315.26
314.94
315.3
315.43
315.11
315.2
314.92
314.99
315.34
314.82
314.8
315.46
314.6
315.94
315.19
314.3
314.99
315.22
315.04
314.67
315.17
315.07
315.65
314.86
315.25
315.33
315.19
315.81
315.67
314.95
315.07
315.82
315.34
315.25
314.96
315.51
315.02
315.23
315.42
315.45
314.75
316.37
315.45
315.33
315.26
315.24
315.64
315.72
315.48
314.4
315.68
315.51
315.33
315.47
315.34
315.27
316.01
315.63
315.15
315.73
314.88
314.97
315.23
315.21
315.86
315.65
315.1
315.68
315.24
315.82
315.48
315.81
314.91
314.78
315.88
315.3
314.87
314.89
315.75
315.5
315.0
315.04
315.61
314.75
314.91
314.97
314.84
315.3
315.45
316.05
315.63
315.52
315.56
315.94
315.27
315.71
316.15
315.5
316.19
314.7
314.18
314.84
314.43
314.17
315.1
314.09
314.04
314.9
314.82
315.35
315.91
315.67
315.38
315.93
315.21
315.98
316.12
315.34
315.39
314.49
314.71
314.56
314.54
314.86
314.84
314.71
314.48
315.21
314.96
315.12
315.78
314.81
316.0
314.97
315.45
315.28
315.38
314.95
315.11
314.96
315.61
315.04
314.93
315.22
315.61
315.17
315.04
315.22
315.65
314.96
315.07
315.31
314.99
314.48
314.89
315.44
316.16
315.34
315.66
315.66
315.06
314.84
314.88
314.88
315.58
315.09
315.39
315.28
316.06
315.13
314.9
315.28
315.33
315.13
315.11
315.98
315.02
315.16
315.76
314.77
314.68
315.55
315.29
315.39
315.99
315.69
314.64
315.48
314.85
315.66
314.57
315.44
314.89
315.28
315.29
314.91
314.88
314.7
315.78
314.91
314.61
315.35
315.1
315.39
314.13
315.25
315.3
315.42
314.76
315.78
314.74
315.02
314.88
315.02
315.03
315.78
315.45
314.89
315.33
314.87
315.43
315.33
315.45
315.29
315.61
315.5
315.25
314.74
315.14
315.76
315.47
315.07
315.44
315.63
315.41
315.44
315.2
315.08
315.58
314.72
315.58
315.21
314.82
314.82
315.05
315.25
314.61
314.98
314.65
314.29
315.1
314.71
315.5
315.94
315.45
315.34
314.71
315.65
315.61
314.97
315.1
314.95
315.3
315.12
314.24
315.35
314.72
314.86
314.65
315.92
315.82
315.78
315.93
315.57
315.36
315.84
315.72
315.35
316.02
315.65
315.45
316.11
316.05
315.33
315.58
315.67
315.88
315.49
315.12
315.53
315.26
315.26
314.59
315.32
314.57
314.54
314.68
315.55
314.41
314.91
314.86
314.6
314.91
315.24
315.03
315.51
314.69
314.51
315.91
315.29
314.69
314.7
314.81
314.6
315.31
315.26
315.12
315.55
314.18
314.26
314.62
315.02
314.88
315.57
315.09
315.66
314.73
315.01
315.08
315.09
315.02
315.09
314.78
315.11
314.83
315.44
315.15
315.63
314.69
315.16
315.39
316.01
314.89
315.15
314.63
315.04
315.41
314.95
314.06
314.41
315.17
314.86
314.88
314.92
314.87
314.97
314.62
314.74
314.6
315.28
315.35
315.42
315.04
314.89
315.14
315.5
315.54
314.76
315.37
331.68
331.61
332.49
331.65
331.74
330.93
332.16
331.75
332.18
331.7
323.57
323.37
323.01
323.76
323.31
322.63
322.16
323.13
322.61
323.7
315.16
315.09
314.14
314.99
313.61
314.46
314.61
314.52
315.55
313.98
314.89
314.24
315.66
315.11
314.62
315.25
315.11
315.1
314.21
314.34
315.42
314.66
314.91
314.17
314.66
314.16
315.29
315.64
314.68
315.17
