146.22
149.54
152.28
148.29
150.65
151.52
147.17
149.46
149.78
151.66
146.98
147.34
146.53
152.44
152.38
147.24
152.54
146.61
151.87
147.09
151.8
147.85
148.21
149.95
149.0
152.28
147.09
149.85
149.12
151.88
146.19
148.9
150.52
150.37
150.17
146.58
152.73
147.25
152.51
149.99
147.17
152.14
148.92
148.17
149.56
150.2
151.16
146.46
149.88
150.03
145.83
150.06
150.93
145.5
147.62
150.62
146.7
146.69
146.09
150.24
147.21
151.64
147.55
146.23
151.62
145.75
149.61
150.17
145.9
146.97
151.35
151.61
145.86
149.6
151.81
145.21
151.98
146.28
151.97
145.97
151.12
146.34
149.11
149.74
146.31
152.23
146.31
147.83
149.39
148.43
150.07
146.46
151.81
148.02
146.2
150.48
145.57
149.38
146.48
152.23
145.64
151.03
147.72
145.33
152.24
146.34
148.46
147.47
151.8
147.11
147.17
148.75
147.59
150.06
149.55
145.4
147.78
151.36
149.93
146.4
149.55
150.98
148.88
149.39
146.68
152.08
147.59
148.57
147.03
151.79
145.87
152.25
148.38
146.04
147.24
145.68
151.27
146.16
152.37
150.67
150.3
147.46
149.27
150.92
145.93
149.06
148.78
145.87
147.72
149.76
146.28
151.81
145.45
151.83
145.34
152.2
147.78
149.68
150.21
146.33
150.7
148.55
152.14
145.67
148.69
148.96
148.17
150.12
145.52
148.8
147.4
146.81
151.07
147.7
151.07
148.51
149.71
146.03
146.35
148.63
145.82
149.63
146.42
151.75
145.91
152.15
149.62
146.73
145.66
151.88
147.14
151.47
145.51
150.56
151.51
146.75
148.47
151.39
150.79
148.06
147.83
146.0
148.8
147.52
145.98
150.04
146.25
146.77
147.14
151.58
149.21
147.25
147.88
146.75
149.6
145.56
148.7
151.22
146.03
152.08
145.9
152.45
146.37
147.71
150.73
145.3
150.25
151.11
147.97
152.04
145.74
151.11
148.86
145.44
151.27
149.72
145.51
145.83
151.29
151.8
147.27
145.29
151.9
148.32
146.64
149.53
145.29
151.29
150.48
148.39
149.35
147.94
151.88
146.55
151.15
148.16
145.6
150.56
145.2
151.65
147.69
147.65
151.71
149.97
145.42
149.81
149.23
146.98
145.77
151.62
145.97
151.83
149.53
151.99
147.43
151.65
146.11
151.77
145.02
150.57
148.54
147.02
151.5
145.41
147.49
152.2
149.91
146.01
150.28
145.45
148.92
145.84
146.57
151.13
145.33
150.33
149.76
145.22
151.57
151.08
149.69
148.84
151.22
148.69
146.05
151.33
145.73
151.08
146.53
145.65
148.88
145.56
150.2
145.33
147.62
146.49
151.61
148.83
146.57
151.55
146.56
151.79
147.5
149.97
149.66
147.97
151.18
146.31
146.79
150.61
146.07
147.6
145.22
151.14
145.57
148.14
151.81
146.15
151.73
147.46
147.83
148.31
151.44
147.99
148.72
149.25
146.05
151.5
150.19
149.75
147.61
145.26
151.4
148.48
145.71
151.03
144.88
151.29
146.17
149.3
145.17
147.81
151.6
144.77
149.7
145.54
150.98
151.19
145.1
149.6
148.91
150.35
151.15
145.39
151.09
147.44
146.87
150.12
147.92
147.4
150.3
146.5
151.05
146.71
149.8
146.3
148.59
145.99
151.76
145.27
149.19
147.24
145.83
151.29
146.28
151.76
145.44
147.88
150.78
145.92
149.36
146.2
150.76
148.12
145.9
147.76
146.72
148.08
150.7
145.82
151.1
146.78
146.44
147.3
150.18
144.55
145.66
150.11
145.03
149.44
150.96
147.4
150.46
146.99
150.86
144.81
149.98
145.24
151.27
146.93
144.94
148.93
147.18
151.12
146.93
149.59
151.07
146.36
145.5
149.36
148.36
144.13
148.07
146.71
150.82
144.36
151.4
146.69
148.56
149.27
144.32
145.35
149.7
144.32
149.12
146.2
144.42
149.34
148.46
149.17
145.13
147.66
148.13
145.26
147.05
148.31
150.99
144.31
150.76
147.48
147.08
150.06
150.68
149.51
144.86
149.31
150.54
148.09
150.41
144.46
148.08
146.15
148.75
150.55
145.64
151.26
144.27
150.76
144.63
150.43
148.47
150.02
145.04
150.49
150.91
149.3
144.72
148.06
150.12
146.3
140.09
140.33
140.67
140.47
141.31
140.87
141.19
140.9
141.06
140.8
141.06
141.08
140.68
140.67
140.66
140.98
140.03
141.07
140.86
140.36
140.88
140.66
140.96
140.39
140.94
140.6
140.76
140.78
140.45
141.21
140.6
140.76
140.6
141.77
140.69
140.76
140.83
140.2
140.77
140.72
140.19
140.6
140.42
141.08
140.25
141.01
141.17
140.17
141.44
141.04
140.75
141.02
141.45
140.2
140.88
140.94
140.32
140.9
140.36
140.82
141.08
140.46
140.45
140.67
140.52
140.44
140.64
140.31
140.33
140.38
140.42
141.16
140.4
140.71
140.98
141.03
140.41
140.44
141.19
140.78
140.32
141.0
140.46
140.69
140.57
140.42
140.73
140.37
140.77
139.82
140.73
140.16
140.73
139.91
140.38
140.56
140.78
140.42
140.05
140.2
140.33
140.87
141.06
140.27
140.02
141.05
140.21
140.4
139.78
140.76
140.24
140.07
140.59
140.68
140.92
140.67
140.85
140.46
140.69
140.2
141.16
140.99
141.02
141.14
140.78
140.47
140.36
140.62
140.8
140.76
140.93
140.48
140.0
140.71
140.35
141.06
140.5
140.61
140.54
140.98
140.5
140.74
139.78
140.76
140.43
139.84
141.0
140.41
140.66
140.78
140.09
140.27
139.98
139.92
139.92
139.93
140.41
140.74
140.41
140.43
140.65
140.86
141.07
140.89
140.06
140.33
140.07
140.79
140.65
140.19
139.76
141.1
140.52
141.35
140.79
140.55
141.19
140.1
141.14
140.67
140.66
139.64
140.24
140.66
141.16
140.59
140.51
140.97
140.01
140.16
140.79
140.48
140.81
140.05
140.37
141.04
140.3
140.4
140.77
140.51
140.38
140.73
141.11
140.92
140.63
140.89
141.38
139.95
140.29
140.15
140.2
140.16
140.34
140.36
141.11
140.36
140.6
140.5
141.04
140.47
140.44
139.84
140.79
140.04
140.06
140.53
140.22
140.36
140.53
140.07
140.51
140.11
140.29
139.57
140.69
139.5
140.29
140.52
139.91
140.33
140.15
140.38
139.27
140.26
140.31
140.05
140.9
140.02
141.17
139.96
139.64
140.23
139.89
140.51
140.12
140.74
139.46
140.62
140.44
140.72
139.97
140.35
141.05
139.58
140.29
140.34
139.94
140.77
140.26
140.14
140.42
140.33
140.04
139.59
139.41
140.62
140.13
140.14
140.44
141.05
140.3
140.31
140.4
140.01
140.66
140.48
140.28
140.46
139.68
140.33
139.47
140.83
140.13
140.33
140.01
140.43
140.33
139.76
139.9
140.16
140.42
140.43
140.74
139.85
140.59
140.19
140.52
140.74
140.42
141.11
140.42
140.89
140.61
140.56
140.45
140.73
141.25
140.66
141.42
139.9
140.49
140.18
140.1
140.21
141.04
140.03
140.81
140.6
140.08
140.71
140.73
141.1
140.8
141.03
140.91
141.17
140.09
140.78
140.83
140.82
140.95
140.51
140.41
141.17
140.19
140.97
139.92
140.39
139.68
140.77
140.42
141.11
140.47
140.18
140.58
140.55
140.14
140.03
140.68
140.91
140.92
140.17
140.74
140.22
139.98
141.07
140.54
140.13
140.98
139.81
140.42
139.97
140.62
140.39
140.33
141.05
140.6
141.23
140.15
140.77
140.85
140.89
140.43
140.89
140.62
140.58
140.0
140.64
140.61
141.27
140.28
140.66
140.17
140.95
140.25
141.41
140.73
141.08
140.53
141.18
140.78
140.72
140.95
140.89
140.7
140.82
140.06
141.36
141.15
140.38
140.81
141.18
141.05
140.69
140.6
140.51
140.74
141.11
140.36
141.05
140.29
140.42
140.58
140.79
140.95
140.12
141.17
140.47
140.47
140.95
140.49
140.74
140.73
140.88
141.11
140.89
140.04
140.73
140.83
140.44
141.39
141.02
141.48
140.43
141.16
140.42
141.27
140.81
140.9
141.54
140.22
141.19
141.01
141.18
140.77
141.19
141.46
140.56
140.84
140.32
141.23
141.1
140.66
140.42
140.84
141.32
140.13
141.14
140.77
140.29
140.67
141.34
140.51
141.16
140.85
141.32
140.82
140.95
141.43
140.12
140.95
140.56
141.26
140.78
140.51
140.71
140.38
141.27
140.29
140.9
140.85
141.3
140.69
140.26
141.08
140.77
141.17
140.41
141.38
140.96
